
6/9/2025 11:47 AM  (SPI_FAST_FLASH_BOOT)
6/9/2025 11:47 AM 
6/9/2025 11:47 AM  995 0.80 1.56 1 1 3 26.10 57.00 26.91
6/9/2025 11:47 AM  995 0.80 1.56 1 1 3 26.10 57.00 26.91
6/9/2025 11:47 AM  995 0.80 1.56 1 1 3 26.10 57.00 26.91
6/9/2025 11:47 AM  998 0.80 1.56 1 1 3 26.10 57.00 26.91
6/9/2025 11:47 AM  998 0.80 1.56 1 1 3 26.10 57.00 26.91
6/9/2025 11:47 AM  976 0.79 1.56 1 1 3 26.20 57.00 27.01
6/9/2025 11:47 AM  976 0.79 1.56 1 1 3 26.20 57.00 27.01
6/9/2025 11:47 AM  994 0.80 1.56 1 1 3 26.20 57.00 27.01
6/9/2025 11:47 AM  994 0.80 1.56 1 1 3 26.20 57.00 27.01
6/9/2025 11:47 AM  994 0.80 1.56 1 1 3 26.20 57.00 27.01
6/9/2025 11:47 AM  987 0.80 1.56 1 1 3 26.20 57.00 27.01
6/9/2025 11:47 AM  987 0.80 1.56 1 1 3 26.20 57.00 27.01
6/9/2025 11:47 AM  982 0.79 1.56 1 1 2 26.20 57.00 27.01
6/9/2025 11:47 AM  982 0.79 1.56 1 1 2 26.20 57.00 27.01
6/9/2025 11:47 AM  982 0.79 1.56 1 1 2 26.20 57.00 27.01
6/9/2025 11:48 AM  976 0.79 1.56 1 1 3 26.20 57.00 27.01
6/9/2025 11:48 AM  976 0.79 1.56 1 1 3 26.20 57.00 27.01
6/9/2025 11:48 AM  976 0.79 1.56 1 1 2 26.20 57.00 27.01
6/9/2025 11:48 AM  976 0.79 1.56 1 1 2 26.20 57.00 27.01
6/9/2025 11:48 AM  960 0.77 1.56 1 1 2 26.30 57.00 27.11
6/9/2025 11:48 AM  960 0.77 1.56 1 1 2 26.30 57.00 27.11
6/9/2025 11:48 AM  960 0.77 1.56 1 1 2 26.30 57.00 27.11
6/9/2025 11:48 AM  987 0.80 1.56 1 1 2 26.30 57.00 27.11
6/9/2025 11:48 AM  987 0.80 1.56 1 1 2 26.30 57.00 27.11
6/9/2025 11:48 AM  970 0.78 1.56 1 1 2 26.30 57.00 27.11
6/9/2025 11:48 AM  970 0.78 1.56 1 1 2 26.30 57.00 27.11
6/9/2025 11:48 AM  970 0.78 1.56 1 1 2 26.30 57.00 27.11
6/9/2025 11:48 AM  977 0.79 1.56 1 1 2 26.30 57.00 27.11
6/9/2025 11:48 AM  977 0.79 1.56 1 1 2 26.30 57.00 27.11
6/9/2025 11:48 AM  973 0.78 1.56 1 1 2 26.30 57.00 27.11
6/9/2025 11:48 AM  973 0.78 1.56 1 1 2 26.30 57.00 27.11
6/9/2025 11:48 AM  967 0.78 1.56 1 1 2 26.30 57.00 27.11
6/9/2025 11:48 AM  967 0.78 1.56 1 1 2 26.30 57.00 27.11
6/9/2025 11:48 AM  967 0.78 1.56 1 1 2 26.30 57.00 27.11
6/9/2025 11:48 AM  994 0.80 1.56 1 1 2 26.30 57.00 27.11
6/9/2025 11:48 AM  994 0.80 1.56 1 1 2 26.30 57.00 27.11
6/9/2025 11:48 AM  1396 1.12 1.56 6 8 9 26.30 57.00 27.11
6/9/2025 11:48 AM  1396 1.12 1.56 6 8 9 26.30 57.00 27.11
6/9/2025 11:48 AM  1396 1.12 1.56 4 4 9 26.30 57.00 27.11
6/9/2025 11:48 AM  1247 1.00 1.56 4 4 6 26.30 57.00 27.11
6/9/2025 11:48 AM  1247 1.00 1.56 4 4 6 26.30 57.00 27.11
6/9/2025 11:48 AM  1090 0.88 1.56 2 2 4 26.30 57.00 27.11
6/9/2025 11:48 AM  1090 0.88 1.56 2 2 4 26.30 57.00 27.11
6/9/2025 11:48 AM  1082 0.87 1.56 2 2 3 26.20 57.00 27.01
6/9/2025 11:48 AM  1082 0.87 1.56 2 2 3 26.20 57.00 27.01
6/9/2025 11:48 AM  1051 0.85 1.56 2 2 3 26.30 57.00 27.11
6/9/2025 11:48 AM  1051 0.85 1.56 2 2 3 26.30 57.00 27.11
6/9/2025 11:48 AM  1051 0.85 1.56 2 2 3 26.30 57.00 27.11
6/9/2025 11:48 AM  1039 0.84 1.56 2 2 3 26.30 57.00 27.11
6/9/2025 11:48 AM  1039 0.84 1.56 2 2 3 26.30 57.00 27.11
6/9/2025 11:48 AM  1040 0.84 1.56 2 2 3 26.30 57.00 27.11
6/9/2025 11:48 AM  1040 0.84 1.56 2 2 3 26.30 57.00 27.11
6/9/2025 11:48 AM  1040 0.84 1.56 4 2 3 26.30 57.00 27.11
6/9/2025 11:48 AM  1373 1.11 1.56 4 6 8 26.30 57.00 27.11
6/9/2025 11:48 AM  1373 1.11 1.56 4 6 8 26.30 57.00 27.11
6/9/2025 11:48 AM  1648 1.33 1.56 9 15 17 26.30 57.00 27.11
6/9/2025 11:48 AM  1648 1.33 1.56 9 15 17 26.30 57.00 27.11
6/9/2025 11:48 AM  1683 1.36 1.56 10 17 19 26.30 57.00 27.11
6/9/2025 11:48 AM  1683 1.36 1.56 10 17 19 26.30 57.00 27.11
6/9/2025 11:48 AM  1683 1.36 1.56 10 17 19 26.30 57.00 27.11
6/9/2025 11:48 AM  1623 1.31 1.56 9 15 17 26.30 57.00 27.11
6/9/2025 11:48 AM  1623 1.31 1.56 9 15 17 26.30 57.00 27.11
6/9/2025 11:48 AM  1629 1.31 1.56 8 14 16 26.30 57.00 27.11
6/9/2025 11:48 AM  1629 1.31 1.56 8 14 16 26.30 57.00 27.11
6/9/2025 11:48 AM  1629 1.31 1.56 7 14 16 26.30 57.00 27.11
6/9/2025 11:48 AM  1585 1.28 1.56 7 12 15 26.30 57.00 27.11
6/9/2025 11:48 AM  1585 1.28 1.56 7 12 15 26.30 57.00 27.11
6/9/2025 11:48 AM  1584 1.28 1.56 8 13 15 26.40 57.00 27.21
6/9/2025 11:48 AM  1584 1.28 1.56 8 13 15 26.40 57.00 27.21
6/9/2025 11:48 AM  1337 1.08 1.56 5 7 8 26.40 57.00 27.21
6/9/2025 11:49 AM  1337 1.08 1.56 5 7 8 26.40 57.00 27.21
6/9/2025 11:49 AM  1337 1.08 1.56 5 7 8 26.40 57.00 27.21
6/9/2025 11:49 AM  1264 1.02 1.56 4 5 6 26.40 57.00 27.21
6/9/2025 11:49 AM  1264 1.02 1.56 4 5 6 26.40 57.00 27.21
6/9/2025 11:49 AM  1197 0.96 1.56 3 3 5 26.40 57.00 27.21
6/9/2025 11:49 AM  1197 0.96 1.56 3 3 5 26.40 57.00 27.21
6/9/2025 11:49 AM  1197 0.96 1.56 3 3 5 26.40 57.00 27.21
6/9/2025 11:49 AM  1143 0.92 1.56 3 3 4 26.40 57.00 27.21
6/9/2025 11:49 AM  1143 0.92 1.56 3 3 4 26.40 57.00 27.21
6/9/2025 11:49 AM  1110 0.89 1.56 2 2 4 26.40 57.00 27.21
6/9/2025 11:49 AM  1110 0.89 1.56 2 2 4 26.40 57.00 27.21
6/9/2025 11:49 AM  1075 0.87 1.56 2 2 4 26.40 57.00 27.21
6/9/2025 11:49 AM  1075 0.87 1.56 2 2 4 26.40 57.00 27.21
6/9/2025 11:49 AM  1075 0.87 1.56 2 2 4 26.40 57.00 27.21
6/9/2025 11:49 AM  1061 0.86 1.56 2 2 3 26.40 57.00 27.21
6/9/2025 11:49 AM  1061 0.86 1.56 2 2 3 26.40 57.00 27.21
6/9/2025 11:49 AM  1042 0.84 1.56 2 2 3 26.40 57.00 27.21
6/9/2025 11:49 AM  1042 0.84 1.56 2 2 3 26.40 57.00 27.21
6/9/2025 11:49 AM  1042 0.84 1.56 2 2 3 26.40 57.00 27.21
6/9/2025 11:49 AM  1022 0.82 1.56 2 2 3 26.40 57.00 27.21
6/9/2025 11:49 AM  1022 0.82 1.56 2 2 3 26.40 57.00 27.21
6/9/2025 11:49 AM  1023 0.82 1.56 2 2 3 26.40 57.00 27.21
6/9/2025 11:49 AM  1023 0.82 1.56 2 2 3 26.40 57.00 27.21
6/9/2025 11:49 AM  1008 0.81 1.56 2 1 3 26.50 57.00 27.32
6/9/2025 11:49 AM  1008 0.81 1.56 2 1 3 26.50 57.00 27.32
6/9/2025 11:49 AM  1008 0.81 1.56 2 1 3 26.50 57.00 27.32
6/9/2025 11:49 AM  973 0.78 1.56 1 1 2 26.50 57.00 27.32
6/9/2025 11:49 AM  973 0.78 1.56 1 1 2 26.50 57.00 27.32
6/9/2025 11:49 AM  973 0.78 1.56 1 1 2 26.50 57.00 27.32
6/9/2025 11:49 AM  975 0.79 1.56 1 1 2 26.50 57.00 27.32
6/9/2025 11:49 AM  975 0.79 1.56 1 1 2 26.50 57.00 27.32
6/9/2025 11:49 AM  975 0.79 1.56 1 1 2 26.50 57.00 27.32
6/9/2025 11:49 AM  975 0.79 1.56 1 1 2 26.50 57.00 27.32
6/9/2025 11:49 AM  975 0.79 1.56 1 1 2 26.50 57.00 27.32
6/9/2025 11:49 AM  959 0.77 1.56 1 1 2 26.50 57.00 27.32
6/9/2025 11:49 AM  959 0.77 1.56 1 1 2 26.50 57.00 27.32
6/9/2025 11:49 AM  944 0.76 1.56 1 1 2 26.50 57.00 27.32
6/9/2025 11:49 AM  944 0.76 1.56 1 1 2 26.50 57.00 27.32
6/9/2025 11:49 AM  949 0.76 1.56 1 1 2 26.50 57.00 27.32
6/9/2025 11:49 AM  949 0.76 1.56 1 1 2 26.50 57.00 27.32
6/9/2025 11:49 AM  949 0.76 1.56 1 1 2 26.50 57.00 27.32
6/9/2025 11:49 AM  944 0.76 1.56 1 1 2 26.50 57.00 27.32
6/9/2025 11:49 AM  944 0.76 1.56 1 1 2 26.50 57.00 27.32
6/9/2025 11:49 AM  923 0.74 1.56 1 1 2 26.50 57.00 27.32
6/9/2025 11:49 AM  923 0.74 1.56 1 1 2 26.50 57.00 27.32
6/9/2025 11:49 AM  923 0.74 1.56 1 1 2 26.50 57.00 27.32
6/9/2025 11:49 AM  932 0.75 1.56 1 1 2 26.50 57.00 27.32
6/9/2025 11:49 AM  932 0.75 1.56 1 1 2 26.50 57.00 27.32
6/9/2025 11:49 AM  907 0.73 1.56 1 1 2 26.50 57.00 27.32
6/9/2025 11:49 AM  907 0.73 1.56 1 1 2 26.50 57.00 27.32
6/9/2025 11:49 AM  928 0.75 1.56 1 1 2 26.60 57.00 27.42
6/9/2025 11:49 AM  928 0.75 1.56 1 1 2 26.60 57.00 27.42
6/9/2025 11:49 AM  928 0.75 1.56 1 1 2 26.60 57.00 27.42
6/9/2025 11:49 AM  919 0.74 1.56 1 1 2 26.60 57.00 27.42
6/9/2025 11:49 AM  919 0.74 1.56 1 1 2 26.60 57.00 27.42
6/9/2025 11:49 AM  919 0.74 1.56 1 1 2 26.60 56.00 27.37
6/9/2025 11:50 AM  919 0.74 1.56 1 1 2 26.60 56.00 27.37
6/9/2025 11:50 AM  919 0.74 1.56 1 1 2 26.60 56.00 27.37
6/9/2025 11:50 AM  918 0.74 1.56 1 1 2 26.60 56.00 27.37
6/9/2025 11:50 AM  918 0.74 1.56 1 1 2 26.60 56.00 27.37
6/9/2025 11:50 AM  917 0.74 1.56 1 1 2 26.60 56.00 27.37
6/9/2025 11:50 AM  917 0.74 1.56 1 1 2 26.60 56.00 27.37
6/9/2025 11:50 AM  920 0.74 1.56 1 1 2 26.60 56.00 27.37
6/9/2025 11:50 AM  920 0.74 1.56 1 1 2 26.60 56.00 27.37
6/9/2025 11:50 AM  920 0.74 1.56 1 1 2 26.60 56.00 27.37
6/9/2025 11:50 AM  915 0.74 1.56 1 1 2 26.60 56.00 27.37
6/9/2025 11:50 AM  915 0.74 1.56 1 1 2 26.60 56.00 27.37
6/9/2025 11:50 AM  912 0.73 1.56 1 1 2 26.60 56.00 27.37
6/9/2025 11:50 AM  912 0.73 1.56 1 1 2 26.60 56.00 27.37
6/9/2025 11:50 AM  912 0.73 1.56 1 1 2 26.60 56.00 27.37
6/9/2025 11:50 AM  912 0.73 1.56 1 1 2 26.60 56.00 27.37
6/9/2025 11:50 AM  912 0.73 1.56 1 1 2 26.60 56.00 27.37
6/9/2025 11:50 AM  886 0.71 1.56 1 1 2 26.60 56.00 27.37
6/9/2025 11:50 AM  886 0.71 1.56 1 1 2 26.60 56.00 27.37
6/9/2025 11:50 AM  901 0.73 1.56 1 1 2 26.70 56.00 27.47
6/9/2025 11:50 AM  901 0.73 1.56 1 1 2 26.70 56.00 27.47
6/9/2025 11:50 AM  901 0.73 1.56 1 1 2 26.70 56.00 27.47
6/9/2025 11:50 AM  902 0.73 1.56 1 1 2 26.70 56.00 27.47
6/9/2025 11:50 AM  902 0.73 1.56 1 1 2 26.70 56.00 27.47
6/9/2025 11:50 AM  902 0.73 1.56 1 1 2 26.70 56.00 27.47
6/9/2025 11:50 AM  902 0.73 1.56 1 1 2 26.70 56.00 27.47
6/9/2025 11:50 AM  902 0.73 1.56 1 1 2 26.70 56.00 27.47
6/9/2025 11:50 AM  897 0.72 1.56 1 1 2 26.70 56.00 27.47
6/9/2025 11:50 AM  1043 0.84 1.56 1 1 2 26.70 56.00 27.47
6/9/2025 11:50 AM  1043 0.84 1.56 1 1 2 26.70 56.00 27.47
6/9/2025 11:50 AM  898 0.72 1.56 1 1 2 26.70 56.00 27.47
6/9/2025 11:50 AM  898 0.72 1.56 1 1 2 26.70 56.00 27.47
6/9/2025 11:50 AM  900 0.73 1.56 1 1 2 26.70 56.00 27.47
6/9/2025 11:50 AM  900 0.73 1.56 1 1 2 26.70 56.00 27.47
6/9/2025 11:50 AM  900 0.73 1.56 1 1 2 26.70 56.00 27.47
6/9/2025 11:50 AM  895 0.72 1.56 1 1 2 26.70 56.00 27.47
6/9/2025 11:50 AM  895 0.72 1.56 1 1 2 26.70 56.00 27.47
6/9/2025 11:50 AM  895 0.72 1.56 1 1 2 26.60 56.00 27.37
6/9/2025 11:50 AM  895 0.72 1.56 1 1 2 26.60 56.00 27.37
6/9/2025 11:50 AM  895 0.72 1.56 1 1 2 26.60 56.00 27.37
6/9/2025 11:50 AM  918 0.74 1.56 1 1 2 26.70 56.00 27.47
6/9/2025 11:50 AM  918 0.74 1.56 1 1 2 26.70 56.00 27.47
6/9/2025 11:50 AM  886 0.71 1.56 1 1 2 26.70 56.00 27.47
6/9/2025 11:50 AM  886 0.71 1.56 1 1 2 26.70 56.00 27.47
6/9/2025 11:50 AM  886 0.71 1.56 1 1 2 26.70 56.00 27.47
6/9/2025 11:50 AM  886 0.71 1.56 1 1 2 26.70 56.00 27.47
6/9/2025 11:50 AM  886 0.71 1.56 1 1 2 26.70 56.00 27.47
6/9/2025 11:50 AM  880 0.71 1.56 1 1 2 26.70 56.00 27.47
6/9/2025 11:50 AM  880 0.71 1.56 1 1 2 26.70 56.00 27.47
6/9/2025 11:50 AM  883 0.71 1.56 1 1 2 26.80 56.00 27.58
6/9/2025 11:50 AM  883 0.71 1.56 1 1 2 26.80 56.00 27.58
6/9/2025 11:50 AM  874 0.70 1.56 1 1 2 26.80 56.00 27.58
6/9/2025 11:50 AM  874 0.70 1.56 1 1 2 26.80 56.00 27.58
6/9/2025 11:50 AM  874 0.70 1.56 1 1 2 26.80 56.00 27.58
6/9/2025 11:50 AM  866 0.70 1.56 1 1 2 26.80 56.00 27.58
6/9/2025 11:50 AM  866 0.70 1.56 1 1 2 26.80 56.00 27.58
6/9/2025 11:50 AM  870 0.70 1.56 1 1 2 26.80 56.00 27.58
6/9/2025 11:51 AM  870 0.70 1.56 1 1 2 26.80 56.00 27.58
6/9/2025 11:51 AM  870 0.70 1.56 1 1 2 26.80 56.00 27.58
6/9/2025 11:51 AM  868 0.70 1.56 1 1 2 26.80 56.00 27.58
6/9/2025 11:51 AM  868 0.70 1.56 1 1 2 26.80 56.00 27.58
6/9/2025 11:51 AM  864 0.70 1.56 1 1 2 26.80 56.00 27.58
6/9/2025 11:51 AM  864 0.70 1.56 1 1 2 26.80 56.00 27.58
6/9/2025 11:51 AM  864 0.70 1.56 1 1 2 26.80 56.00 27.58
6/9/2025 11:51 AM  864 0.70 1.56 1 1 2 26.80 56.00 27.58
6/9/2025 11:51 AM  864 0.70 1.56 1 1 2 26.80 56.00 27.58
6/9/2025 11:51 AM  863 0.70 1.56 1 1 1 26.80 56.00 27.58
6/9/2025 11:51 AM  863 0.70 1.56 1 1 1 26.80 56.00 27.58
6/9/2025 11:51 AM  861 0.69 1.56 1 1 2 26.80 56.00 27.58
6/9/2025 11:51 AM  861 0.69 1.56 1 1 2 26.80 56.00 27.58
6/9/2025 11:51 AM  861 0.69 1.56 1 1 2 26.80 56.00 27.58
6/9/2025 11:51 AM  864 0.70 1.56 1 1 2 26.80 56.00 27.58
6/9/2025 11:51 AM  864 0.70 1.56 1 1 2 26.80 56.00 27.58
6/9/2025 11:51 AM  862 0.69 1.56 1 1 1 26.80 56.00 27.58
6/9/2025 11:51 AM  862 0.69 1.56 1 1 1 26.80 56.00 27.58
6/9/2025 11:51 AM  864 0.70 1.56 1 1 2 26.80 56.00 27.58
6/9/2025 11:51 AM  864 0.70 1.56 1 1 2 26.80 56.00 27.58
6/9/2025 11:51 AM  864 0.70 1.56 1 1 2 26.80 56.00 27.58
6/9/2025 11:51 AM  842 0.68 1.56 1 1 2 26.80 56.00 27.58
6/9/2025 11:51 AM  842 0.68 1.56 1 1 2 26.80 56.00 27.58
6/9/2025 11:51 AM  859 0.69 1.56 1 1 2 26.90 56.00 27.69
6/9/2025 11:51 AM  859 0.69 1.56 1 1 2 26.90 56.00 27.69
6/9/2025 11:51 AM  859 0.69 1.56 1 1 2 26.90 56.00 27.69
6/9/2025 11:51 AM  857 0.69 1.56 1 1 2 26.90 56.00 27.69
6/9/2025 11:51 AM  855 0.69 1.56 1 1 1 26.90 56.00 27.69
6/9/2025 11:51 AM  837 0.67 1.56 1 1 1 26.90 56.00 27.69
6/9/2025 11:51 AM  837 0.67 1.56 1 1 1 26.90 56.00 27.69
6/9/2025 11:51 AM  863 0.70 1.56 1 1 1 26.90 56.00 27.69
6/9/2025 11:51 AM  863 0.70 1.56 1 1 1 26.90 56.00 27.69
6/9/2025 11:51 AM  863 0.70 1.56 1 1 1 26.90 56.00 27.69
6/9/2025 11:51 AM  853 0.69 1.56 1 1 1 26.80 56.00 27.58
6/9/2025 11:51 AM  853 0.69 1.56 1 1 1 26.80 56.00 27.58
6/9/2025 11:51 AM  862 0.69 1.56 1 1 2 26.90 56.00 27.69
6/9/2025 11:51 AM  862 0.69 1.56 1 1 2 26.90 56.00 27.69
6/9/2025 11:51 AM  861 0.69 1.56 1 1 1 26.90 56.00 27.69
6/9/2025 11:51 AM  861 0.69 1.56 1 1 1 26.90 56.00 27.69
6/9/2025 11:51 AM  861 0.69 1.56 1 1 1 26.90 56.00 27.69
6/9/2025 11:51 AM  846 0.68 1.56 1 1 1 26.90 56.00 27.69
6/9/2025 11:51 AM  846 0.68 1.56 1 1 1 26.90 56.00 27.69
6/9/2025 11:51 AM  819 0.66 1.56 1 1 1 27.00 56.00 27.80
6/9/2025 11:51 AM  819 0.66 1.56 1 1 1 27.00 56.00 27.80
6/9/2025 11:51 AM  819 0.66 1.56 1 1 1 27.00 56.00 27.80
6/9/2025 11:51 AM  867 0.70 1.56 1 1 1 27.00 56.00 27.80
6/9/2025 11:51 AM  867 0.70 1.56 1 1 1 27.00 56.00 27.80
6/9/2025 11:51 AM  851 0.69 1.56 1 1 1 27.00 56.00 27.80
6/9/2025 11:51 AM  851 0.69 1.56 1 1 1 27.00 56.00 27.80
6/9/2025 11:51 AM  849 0.68 1.56 1 1 1 27.00 56.00 27.80
6/9/2025 11:51 AM  849 0.68 1.56 1 1 1 27.00 56.00 27.80
6/9/2025 11:51 AM  849 0.68 1.56 1 1 1 27.00 56.00 27.80
6/9/2025 11:51 AM  835 0.67 1.56 1 1 1 26.90 56.00 27.69
6/9/2025 11:51 AM  835 0.67 1.56 1 1 1 26.90 56.00 27.69
6/9/2025 11:51 AM  847 0.68 1.56 1 1 1 26.90 56.00 27.69
6/9/2025 11:52 AM  847 0.68 1.56 1 1 1 26.90 56.00 27.69
6/9/2025 11:52 AM  847 0.68 1.56 1 1 1 26.90 56.00 27.69
6/9/2025 11:52 AM  911 0.73 1.56 1 1 1 26.90 56.00 27.69
6/9/2025 11:52 AM  911 0.73 1.56 1 1 1 26.90 56.00 27.69
6/9/2025 11:52 AM  836 0.67 1.56 1 0 1 26.90 56.00 27.69
6/9/2025 11:52 AM  836 0.67 1.56 1 0 1 26.90 56.00 27.69
6/9/2025 11:52 AM  839 0.68 1.56 1 0 1 26.90 56.00 27.69
6/9/2025 11:52 AM  839 0.68 1.56 1 0 1 26.90 56.00 27.69
6/9/2025 11:52 AM  839 0.68 1.56 1 0 1 26.90 56.00 27.69
6/9/2025 11:52 AM  814 0.66 1.56 1 0 1 27.00 56.00 27.80
6/9/2025 11:52 AM  814 0.66 1.56 1 0 1 27.00 56.00 27.80
6/9/2025 11:52 AM  784 0.63 1.56 1 0 1 26.90 56.00 27.69
6/9/2025 11:52 AM  784 0.63 1.56 1 0 1 26.90 56.00 27.69
6/9/2025 11:52 AM  784 0.63 1.56 1 0 1 26.90 56.00 27.69
6/9/2025 11:52 AM  833 0.67 1.56 1 0 1 27.00 56.00 27.80
6/9/2025 11:52 AM  833 0.67 1.56 1 0 1 27.00 56.00 27.80
6/9/2025 11:52 AM  825 0.66 1.56 1 0 1 26.90 56.00 27.69
6/9/2025 11:52 AM  825 0.66 1.56 1 0 1 26.90 56.00 27.69
6/9/2025 11:52 AM  831 0.67 1.56 1 0 1 26.90 56.00 27.69
6/9/2025 11:52 AM  831 0.67 1.56 1 0 1 26.90 56.00 27.69
6/9/2025 11:52 AM  831 0.67 1.56 1 0 1 26.90 56.00 27.69
6/9/2025 11:52 AM  809 0.65 1.56 1 0 1 26.90 56.00 27.69
6/9/2025 11:52 AM  809 0.65 1.56 1 0 1 26.90 56.00 27.69
6/9/2025 11:52 AM  823 0.66 1.56 1 0 1 26.90 56.00 27.69
6/9/2025 11:52 AM  823 0.66 1.56 1 0 1 26.90 56.00 27.69
6/9/2025 11:52 AM  826 0.67 1.56 1 0 1 26.90 56.00 27.69
6/9/2025 11:52 AM  826 0.67 1.56 1 0 1 27.00 56.00 27.80
6/9/2025 11:52 AM  830 0.67 1.56 1 0 1 27.00 56.00 27.80
6/9/2025 11:52 AM  806 0.65 1.56 1 0 1 27.00 56.00 27.80
6/9/2025 11:52 AM  806 0.65 1.56 1 0 1 27.00 56.00 27.80
6/9/2025 11:52 AM  824 0.66 1.56 1 0 1 27.00 56.00 27.80
6/9/2025 11:52 AM  824 0.66 1.56 1 0 1 27.00 56.00 27.80
6/9/2025 11:52 AM  822 0.66 1.56 1 0 1 27.00 56.00 27.80
6/9/2025 11:52 AM  822 0.66 1.56 1 0 1 27.00 56.00 27.80
6/9/2025 11:52 AM  822 0.66 1.56 1 0 1 27.00 56.00 27.80
6/9/2025 11:52 AM  823 0.66 1.56 1 0 1 27.10 56.00 27.92
6/9/2025 11:52 AM  823 0.66 1.56 1 0 1 27.10 56.00 27.92
6/9/2025 11:52 AM  825 0.66 1.56 1 0 1 27.00 56.00 27.80
6/9/2025 11:52 AM  825 0.66 1.56 1 0 1 27.00 56.00 27.80
6/9/2025 11:52 AM  825 0.66 1.56 1 0 1 27.00 56.00 27.80
6/9/2025 11:52 AM  811 0.65 1.56 1 0 1 27.00 56.00 27.80.00 32.01
6/4/2025 11:17 PM  764 0.62 2.33 2 2 3 32.30 36.00 32.01
6/4/2025 11:17 PM  764 0.62 2.33 2 2 3 32.30 36.00 32.01
6/4/2025 11:17 PM  747 0.60 2.33 2 2 3 32.30 36.00 32.01
6/4/2025 11:17 PM  747 0.60 2.33 2 2 3 32.30 36.00 32.01
6/4/2025 11:17 PM  755 0.61 2.33 2 2 3 32.30 36.00 32.01
6/4/2025 11:17 PM  755 0.61 2.33 2 2 3 32.30 36.00 32.01
6/4/2025 11:17 PM  755 0.61 2.33 2 2 3 32.30 36.00 32.01
6/4/2025 11:17 PM  747 0.60 2.33 2 2 3 32.30 36.00 32.01
6/4/2025 11:17 PM  747 0.60 2.33 2 2 3 32.30 36.00 32.01
6/4/2025 11:17 PM  763 0.61 2.33 2 2 3 32.30 36.00 32.01
6/4/2025 11:17 PM  759 0.61 2.33 2 2 3 32.30 36.00 32.01
6/4/2025 11:17 PM  759 0.61 2.33 2 2 3 32.30 36.00 32.01
6/4/2025 11:17 PM  759 0.61 2.33 2 2 3 32.30 36.00 32.01
6/4/2025 11:17 PM  745 0.60 2.33 2 2 3 32.30 36.00 32.01
6/4/2025 11:17 PM  745 0.60 2.33 2 2 3 32.30 36.00 32.01
6/4/2025 11:17 PM  746 0.60 2.33 2 2 3 32.40 36.00 32.15
6/4/2025 11:17 PM  746 0.60 2.33 2 2 3 32.40 36.00 32.15
6/4/2025 11:17 PM  746 0.60 2.33 2 2 3 32.40 36.00 32.15
6/4/2025 11:17 PM  745 0.60 2.33 2 2 3 32.40 36.00 32.15
6/4/2025 11:17 PM  745 0.60 2.33 2 2 3 32.40 36.00 32.15
6/4/2025 11:17 PM  768 0.62 2.33 2 2 3 32.40 36.00 32.15
6/4/2025 11:17 PM  768 0.62 2.33 2 2 3 32.40 36.00 32.15
6/4/2025 11:17 PM  763 0.61 2.33 2 2 3 32.40 36.00 32.15
6/4/2025 11:17 PM  763 0.61 2.33 2 2 3 32.40 36.00 32.15
6/4/2025 11:17 PM  763 0.61 2.33 2 2 3 32.40 36.00 32.15
6/4/2025 11:17 PM  760 0.61 2.33 2 2 3 32.40 36.00 32.15
6/4/2025 11:17 PM  760 0.61 2.33 2 2 3 32.40 36.00 32.15
6/4/2025 11:17 PM  762 0.61 2.33 2 2 3 32.40 36.00 32.15
6/4/2025 11:17 PM  762 0.61 2.33 2 2 3 32.40 36.00 32.15
6/4/2025 11:17 PM  762 0.61 2.33 2 2 3 32.40 36.00 32.15
6/4/2025 11:17 PM  747 0.60 2.33 2 2 3 32.40 36.00 32.15
6/4/2025 11:17 PM  747 0.60 2.33 2 2 3 32.40 36.00 32.15
6/4/2025 11:17 PM  763 0.61 2.33 2 2 3 32.40 36.00 32.15
6/4/2025 11:17 PM  763 0.61 2.33 2 2 3 32.40 36.00 32.15
6/4/2025 11:17 PM  763 0.61 2.33 2 2 3 32.40 36.00 32.15
6/4/2025 11:18 PM  763 0.61 2.33 2 2 3 32.40 36.00 32.15
6/4/2025 11:18 PM  763 0.61 2.33 2 2 3 32.40 36.00 32.15
6/4/2025 11:18 PM  762 0.61 2.33 2 2 3 32.40 36.00 32.15
6/4/2025 11:18 PM  762 0.61 2.33 2 2 3 32.40 36.00 32.15
6/4/2025 11:18 PM  761 0.61 2.33 2 2 3 32.40 36.00 32.15
6/4/2025 11:18 PM  761 0.61 2.33 2 2 3 32.40 36.00 32.15
6/4/2025 11:18 PM  761 0.61 2.33 2 2 3 32.40 36.00 32.15
6/4/2025 11:18 PM  749 0.60 2.33 2 2 3 32.40 36.00 32.15
6/4/2025 11:18 PM  749 0.60 2.33 2 2 3 32.40 36.00 32.15
6/4/2025 11:18 PM  765 0.62 2.33 2 2 3 32.40 36.00 32.15
6/4/2025 11:18 PM  765 0.62 2.33 2 2 3 32.40 36.00 32.15
6/4/2025 11:18 PM  778 0.63 2.33 2 2 3 32.40 36.00 32.15
6/4/2025 11:18 PM  778 0.63 2.33 2 2 3 32.40 36.00 32.15
6/4/2025 11:18 PM  778 0.63 2.33 2 2 3 32.40 36.00 32.15
6/4/2025 11:18 PM  765 0.62 2.33 2 2 3 32.40 36.00 32.15
6/4/2025 11:18 PM  765 0.62 2.33 2 2 3 32.40 36.00 32.15
6/4/2025 11:18 PM  768 0.62 2.33 2 2 3 32.40 36.00 32.15
6/4/2025 11:18 PM  768 0.62 2.33 2 2 3 32.40 36.00 32.15
6/4/2025 11:18 PM  768 0.62 2.33 2 2 3 32.40 36.00 32.15
6/4/2025 11:18 PM  746 0.60 2.33 2 2 3 32.40 36.00 32.15
6/4/2025 11:18 PM  746 0.60 2.33 2 2 3 32.40 36.00 32.15
6/4/2025 11:18 PM  763 0.61 2.33 2 2 3 32.40 36.00 32.15
6/4/2025 11:18 PM  763 0.61 2.33 2 2 3 32.40 36.00 32.15
6/4/2025 11:18 PM  749 0.60 2.33 2 2 3 32.40 36.00 32.15
6/4/2025 11:18 PM  749 0.60 2.33 2 2 3 32.40 36.00 32.15
6/4/2025 11:18 PM  749 0.60 2.33 2 2 3 32.40 36.00 32.15
6/4/2025 11:18 PM  751 0.61 2.33 2 2 3 32.30 36.00 32.01
6/4/2025 11:18 PM  751 0.61 2.33 2 2 3 32.30 36.00 32.01
6/4/2025 11:18 PM  763 0.61 2.33 2 2 3 32.40 36.00 32.15
6/4/2025 11:18 PM  763 0.61 2.33 2 2 3 32.40 36.00 32.15
6/4/2025 11:18 PM  763 0.61 2.33 2 2 3 32.40 36.00 32.15
6/4/2025 11:18 PM  752 0.61 2.33 2 2 3 32.40 36.00 32.15
6/4/2025 11:18 PM  752 0.61 2.33 2 2 3 32.40 36.00 32.15
6/4/2025 11:18 PM  766 0.62 2.33 2 2 3 32.40 36.00 32.15
6/4/2025 11:18 PM  766 0.62 2.33 2 2 3 32.40 36.00 32.15
6/4/2025 11:18 PM  749 0.60 2.33 2 2 3 32.40 36.00 32.15
6/4/2025 11:18 PM  749 0.60 2.33 2 2 3 32.40 36.00 32.15
6/4/2025 11:18 PM  749 0.60 2.33 2 2 3 32.40 36.00 32.15
6/4/2025 11:18 PM  746 0.60 2.33 2 2 3 32.40 36.00 32.15
6/4/2025 11:18 PM  746 0.60 2.33 2 2 3 32.40 36.00 32.15
6/4/2025 11:18 PM  765 0.62 2.33 2 2 3 32.40 36.00 32.15
6/4/2025 11:18 PM  765 0.62 2.33 2 2 3 32.40 36.00 32.15
6/4/2025 11:18 PM  747 0.60 2.33 2 2 3 32.40 36.00 32.15
6/4/2025 11:18 PM  747 0.60 2.33 2 2 3 32.40 36.00 32.15
6/4/2025 11:18 PM  747 0.60 2.33 2 2 3 32.40 36.00 32.15
6/4/2025 11:18 PM  753 0.61 2.33 2 2 3 32.40 36.00 32.15
6/4/2025 11:18 PM  753 0.61 2.33 2 2 3 32.40 36.00 32.15
6/4/2025 11:18 PM  750 0.60 2.33 2 2 3 32.40 36.00 32.15
6/4/2025 11:18 PM  750 0.60 2.33 2 2 3 32.40 36.00 32.15
6/4/2025 11:18 PM  750 0.60 2.33 2 2 3 32.40 36.00 32.15
6/4/2025 11:18 PM  740 0.60 2.33 2 2 3 32.40 36.00 32.15
6/4/2025 11:18 PM  740 0.60 2.33 2 2 3 32.40 36.00 32.15
6/4/2025 11:18 PM  766 0.62 2.33 2 2 3 32.40 36.00 32.15
6/4/2025 11:18 PM  766 0.62 2.33 2 2 3 32.40 36.00 32.15
6/4/2025 11:18 PM  746 0.60 2.33 2 2 3 32.40 36.00 32.15
6/4/2025 11:19 PM  746 0.60 2.33 2 2 3 32.40 36.00 32.15
6/4/2025 11:19 PM  746 0.60 2.33 2 2 3 32.40 36.00 32.15
6/4/2025 11:19 PM  764 0.62 2.33 2 2 3 32.40 36.00 32.15
6/4/2025 11:19 PM  764 0.62 2.33 2 2 3 32.40 36.00 32.15
6/4/2025 11:19 PM  743 0.60 2.33 2 2 3 32.30 36.00 32.01
6/4/2025 11:19 PM  743 0.60 2.33 2 2 3 32.30 36.00 32.01
6/4/2025 11:19 PM  743 0.60 2.33 2 2 3 32.30 36.00 32.01
6/4/2025 11:19 PM  759 0.61 2.33 2 2 3 32.40 36.00 32.15
6/4/2025 11:19 PM  759 0.61 2.33 2 2 3 32.40 36.00 32.15
6/4/2025 11:19 PM  743 0.60 2.33 2 2 3 32.40 36.00 32.15
6/4/2025 11:19 PM  743 0.60 2.33 2 2 3 32.40 36.00 32.15
6/4/2025 11:19 PM  758 0.61 2.33 2 2 3 32.40 36.00 32.15
6/4/2025 11:19 PM  758 0.61 2.33 2 2 3 32.40 36.00 32.15
6/4/2025 11:19 PM  758 0.61 2.33 2 2 3 32.40 36.00 32.15
6/4/2025 11:19 PM  766 0.62 2.33 2 2 3 32.40 36.00 32.15
6/4/2025 11:19 PM  766 0.62 2.33 2 2 3 32.40 36.00 32.15
6/4/2025 11:19 PM  742 0.60 2.33 2 2 3 32.50 36.00 32.28
6/4/2025 11:19 PM  742 0.60 2.33 2 2 3 32.50 36.00 32.28
6/4/2025 11:19 PM  742 0.60 2.33 2 2 3 32.50 36.00 32.28
6/4/2025 11:19 PM  742 0.60 2.33 2 2 3 32.50 36.00 32.28
6/4/2025 11:19 PM  742 0.60 2.33 2 2 3 32.40 36.00 32.15
6/4/2025 11:19 PM  742 0.60 2.33 2 2 3 32.40 36.00 32.15
6/4/2025 11:19 PM  742 0.60 2.33 2 2 3 32.50 36.00 32.28
6/4/2025 11:19 PM  742 0.60 2.33 2 2 3 32.50 36.00 32.28
6/4/2025 11:19 PM  710 0.57 2.33 2 2 3 32.40 36.00 32.15
6/4/2025 11:19 PM  710 0.57 2.33 2 2 3 32.40 36.00 32.15
6/4/2025 11:19 PM  741 0.60 2.33 2 2 3 32.40 36.00 32.15
6/4/2025 11:19 PM  741 0.60 2.33 2 2 3 32.40 36.00 32.15
6/4/2025 11:19 PM  741 0.60 2.33 2 2 3 32.40 36.00 32.15
6/4/2025 11:19 PM  705 0.57 2.33 2 2 3 32.40 36.00 32.15
6/4/2025 11:19 PM  705 0.57 2.33 2 2 3 32.40 36.00 32.15
6/4/2025 11:19 PM  750 0.60 2.33 2 2 3 32.40 36.00 32.15
6/4/2025 11:19 PM  750 0.60 2.33 2 2 3 32.40 36.00 32.15
6/4/2025 11:19 PM  750 0.60 2.33 2 2 3 32.40 36.00 32.15
6/4/2025 11:19 PM  741 0.60 2.33 2 2 3 32.40 36.00 32.15
6/4/2025 11:19 PM  741 0.60 2.33 2 2 3 32.40 36.00 32.15
6/4/2025 11:19 PM  758 0.61 2.33 2 2 3 32.40 36.00 32.15
6/4/2025 11:19 PM  758 0.61 2.33 2 2 3 32.40 36.00 32.15
6/4/2025 11:19 PM  745 0.60 2.33 2 2 3 32.40 36.00 32.15
6/4/2025 11:19 PM  745 0.60 2.33 2 2 3 32.40 36.00 32.15
6/4/2025 11:19 PM  745 0.60 2.33 2 2 3 32.40 36.00 32.15
6/4/2025 11:19 PM  742 0.60 2.33 2 2 3 32.40 36.00 32.15
6/4/2025 11:19 PM  742 0.60 2.33 2 2 3 32.40 36.00 32.15
6/4/2025 11:19 PM  759 0.61 2.33 2 2 3 32.40 36.00 32.15
6/4/2025 11:19 PM  759 0.61 2.33 2 2 3 32.40 36.00 32.15
6/4/2025 11:19 PM  759 0.61 2.33 2 2 3 32.40 36.00 32.15
6/4/2025 11:19 PM  740 0.60 2.33 2 2 3 32.40 36.00 32.15
6/4/2025 11:19 PM  740 0.60 2.33 2 2 3 32.40 36.00 32.15
6/4/2025 11:19 PM  757 0.61 2.33 2 2 3 32.40 36.00 32.15
6/4/2025 11:19 PM  757 0.61 2.33 2 2 3 32.40 36.00 32.15
6/4/2025 11:19 PM  757 0.61 2.33 2 2 3 32.40 36.00 32.15
6/4/2025 11:19 PM  757 0.61 2.33 2 2 3 32.40 36.00 32.15
6/4/2025 11:19 PM  757 0.61 2.33 2 2 3 32.40 36.00 32.15
6/4/2025 11:19 PM  759 0.61 2.33 2 2 3 32.40 36.00 32.15
6/4/2025 11:19 PM  759 0.61 2.33 2 2 3 32.40 36.00 32.15
6/4/2025 11:19 PM  755 0.61 2.33 2 2 3 32.40 36.00 32.15
6/4/2025 11:20 PM  755 0.61 2.33 2 2 3 32.40 36.00 32.15
6/4/2025 11:20 PM  755 0.61 2.33 2 2 3 32.40 36.00 32.15
6/4/2025 11:20 PM  739 0.60 2.33 2 2 3 32.40 36.00 32.15
6/4/2025 11:20 PM  739 0.60 2.33 2 2 3 32.40 36.00 32.15
6/4/2025 11:20 PM  755 0.61 2.33 2 2 3 32.40 36.00 32.15
6/4/2025 11:20 PM  755 0.61 2.33 2 2 3 32.40 36.00 32.15
6/4/2025 11:20 PM  738 0.59 2.33 2 2 3 32.40 36.00 32.15
6/4/2025 11:20 PM  738 0.59 2.33 2 2 3 32.40 36.00 32.15
6/4/2025 11:20 PM  738 0.59 2.33 2 2 3 32.40 36.00 32.15
6/4/2025 11:20 PM  757 0.61 2.33 2 2 3 32.40 36.00 32.15
6/4/2025 11:20 PM  757 0.61 2.33 2 2 3 32.40 36.00 32.15
6/4/2025 11:20 PM  756 0.61 2.33 2 2 3 32.40 36.00 32.15
6/4/2025 11:20 PM  756 0.61 2.33 2 2 3 32.40 36.00 32.15
6/4/2025 11:20 PM  756 0.61 2.33 2 2 3 32.40 36.00 32.15
6/4/2025 11:20 PM  740 0.60 2.33 2 2 3 32.40 36.00 32.15
6/4/2025 11:20 PM  740 0.60 2.33 2 2 3 32.40 36.00 32.15
6/4/2025 11:20 PM  753 0.61 2.33 2 2 3 32.40 36.00 32.15
6/4/2025 11:20 PM  753 0.61 2.33 2 2 3 32.40 36.00 32.15
6/4/2025 11:20 PM  757 0.61 2.33 2 2 3 32.40 36.00 32.15
6/4/2025 11:20 PM  757 0.61 2.33 2 2 3 32.40 36.00 32.15
6/4/2025 11:20 PM  757 0.61 2.33 2 2 3 32.50 36.00 32.28
6/4/2025 11:20 PM  757 0.61 2.33 2 2 3 32.50 36.00 32.28
6/4/2025 11:20 PM  757 0.61 2.33 2 2 3 32.50 36.00 32.28
6/4/2025 11:20 PM  757 0.61 2.33 2 2 3 32.50 36.00 32.28
6/4/2025 11:20 PM  711 0.57 2.33 2 2 3 32.50 36.00 32.28
6/4/2025 11:20 PM  711 0.57 2.33 2 2 3 32.50 36.00 32.28
6/4/2025 11:20 PM  739 0.60 2.33 2 2 3 32.50 36.00 32.28
6/4/2025 11:20 PM  739 0.60 2.33 2 2 3 32.50 36.00 32.28
6/4/2025 11:20 PM  752 0.61 2.33 2 1 3 32.50 36.00 32.28
6/4/2025 11:20 PM  752 0.61 2.33 2 1 3 32.50 36.00 32.28
6/4/2025 11:20 PM  752 0.61 2.33 2 1 3 32.50 36.00 32.28
6/4/2025 11:20 PM  756 0.61 2.33 2 2 3 32.50 36.00 32.28
6/4/2025 11:20 PM  756 0.61 2.33 2 2 3 32.50 36.00 32.28
6/4/2025 11:20 PM  755 0.61 2.33 2 1 3 32.40 36.00 32.15
6/4/2025 11:20 PM  755 0.61 2.33 2 1 3 32.40 36.00 32.15
6/4/2025 11:20 PM  755 0.61 2.33 2 1 3 32.40 36.00 32.15
6/4/2025 11:20 PM  759 0.61 2.33 2 2 3 32.40 36.00 32.15
6/4/2025 11:20 PM  759 0.61 2.33 2 2 3 32.40 36.00 32.15
6/4/2025 11:20 PM  741 0.60 2.33 2 2 3 32.40 36.00 32.15
6/4/2025 11:20 PM  741 0.60 2.33 2 2 3 32.40 36.00 32.15
6/4/2025 11:20 PM  753 0.61 2.33 2 2 3 32.40 36.00 32.15
6/4/2025 11:20 PM  753 0.61 2.33 2 2 3 32.40 36.00 32.15
6/4/2025 11:20 PM  753 0.61 2.33 2 2 3 32.40 36.00 32.15
6/4/2025 11:20 PM  739 0.60 2.33 2 2 3 32.40 36.00 32.15
6/4/2025 11:20 PM  739 0.60 2.33 2 2 3 32.40 36.00 32.15
6/4/2025 11:20 PM  747 0.60 2.33 2 2 3 32.40 36.00 32.15
6/4/2025 11:20 PM  747 0.60 2.33 2 2 3 32.40 36.00 32.15
6/4/2025 11:20 PM  747 0.60 2.33 2 2 3 32.40 36.00 32.15
6/4/2025 11:20 PM  757 0.61 2.33 2 2 3 32.40 36.00 32.15
6/4/2025 11:20 PM  757 0.61 2.33 2 2 3 32.40 36.00 32.15
6/4/2025 11:20 PM  757 0.61 2.33 2 2 3 32.30 36.00 32.01
6/4/2025 11:20 PM  757 0.61 2.33 2 2 3 32.30 36.00 32.01
6/4/2025 11:20 PM  786 0.63 2.33 2 2 3 32.30 36.00 32.01
6/4/2025 11:20 PM  786 0.63 2.33 2 2 3 32.30 36.00 32.01
6/4/2025 11:20 PM  786 0.63 2.33 2 2 3 32.30 36.00 32.01
6/4/2025 11:20 PM  739 0.60 2.33 2 2 3 32.30 36.00 32.01
6/4/2025 11:21 PM  739 0.60 2.33 2 2 3 32.30 36.00 32.01
6/4/2025 11:21 PM  759 0.61 2.33 2 2 3 32.30 36.00 32.01
6/4/2025 11:21 PM  759 0.61 2.33 2 2 3 32.30 36.00 32.01
6/4/2025 11:21 PM  759 0.61 2.33 2 2 3 32.30 36.00 32.01
6/4/2025 11:21 PM  754 0.61 2.33 2 2 3 32.30 36.00 32.01
6/4/2025 11:21 PM  754 0.61 2.33 2 2 3 32.30 36.00 32.01
6/4/2025 11:21 PM  744 0.60 2.33 2 1 3 32.40 36.00 32.15
6/4/2025 11:21 PM  744 0.60 2.33 2 1 3 32.40 36.00 32.15
6/4/2025 11:21 PM  752 0.61 2.33 2 2 3 32.40 36.00 32.15
6/4/2025 11:21 PM  752 0.61 2.33 2 2 3 32.40 36.00 32.15
6/4/2025 11:21 PM  752 0.61 2.33 2 2 3 32.40 36.00 32.15
6/4/2025 11:21 PM  740 0.60 2.33 2 2 3 32.40 36.00 32.15
6/4/2025 11:21 PM  740 0.60 2.33 2 2 3 32.40 36.00 32.15
6/4/2025 11:21 PM  752 0.61 2.33 2 2 3 32.40 36.00 32.15
6/4/2025 11:21 PM  752 0.61 2.33 2 2 3 32.40 36.00 32.15
6/4/2025 11:21 PM  752 0.61 2.33 2 2 3 32.40 36.00 32.15
6/4/2025 11:21 PM  736 0.59 2.33 2 2 3 32.40 36.00 32.15
6/4/2025 11:21 PM  736 0.59 2.33 2 2 3 32.40 36.00 32.15
6/4/2025 11:21 PM  738 0.59 2.33 2 2 3 32.40 36.00 32.15
6/4/2025 11:21 PM  738 0.59 2.33 2 2 3 32.40 36.00 32.15
6/4/2025 11:21 PM  737 0.59 2.33 2 2 3 32.40 36.00 32.15
6/4/2025 11:21 PM  737 0.59 2.33 2 1 3 32.40 36.00 32.15
6/4/2025 11:21 PM  752 0.61 2.33 2 1 3 32.40 36.00 32.15
6/4/2025 11:21 PM  752 0.61 2.33 2 1 3 32.40 36.00 32.15
6/4/2025 11:21 PM  732 0.59 2.33 2 2 3 32.40 36.00 32.15
6/4/2025 11:21 PM  732 0.59 2.33 2 2 3 32.40 36.00 32.15
6/4/2025 11:21 PM  737 0.59 2.33 2 1 3 32.40 36.00 32.15
6/4/2025 11:21 PM  737 0.59 2.33 2 1 3 32.40 36.00 32.15
6/4/2025 11:21 PM  737 0.59 2.33 2 1 3 32.40 36.00 32.15
6/4/2025 11:21 PM  779 0.63 2.33 2 2 3 32.40 36.00 32.15
6/4/2025 11:21 PM  779 0.63 2.33 2 2 3 32.40 36.00 32.15
6/4/2025 11:21 PM  743 0.60 2.33 2 2 3 32.40 36.00 32.15
6/4/2025 11:21 PM  743 0.60 2.33 2 2 3 32.40 36.00 32.15
6/4/2025 11:21 PM  743 0.60 2.33 2 2 3 32.40 36.00 32.15
6/4/2025 11:21 PM  755 0.61 2.33 2 2 3 32.40 36.00 32.15
6/4/2025 11:21 PM  755 0.61 2.33 2 2 3 32.40 36.00 32.15
6/4/2025 11:21 PM  737 0.59 2.33 2 2 3 32.40 36.00 32.15
6/4/2025 11:21 PM  737 0.59 2.33 2 2 3 32.40 36.00 32.15
6/4/2025 11:21 PM  753 0.61 2.33 2 1 3 32.40 36.00 32.15
6/4/2025 11:21 PM  753 0.61 2.33 2 1 3 32.40 36.00 32.15
6/4/2025 11:21 PM  753 0.61 2.33 2 1 3 32.40 36.00 32.15
6/4/2025 11:21 PM  731 0.59 2.33 2 2 3 32.40 36.00 32.15
6/4/2025 11:21 PM  731 0.59 2.33 2 2 3 32.40 36.00 32.15
6/4/2025 11:21 PM  805 0.65 2.33 2 2 3 32.40 36.00 32.15
6/4/2025 11:21 PM  805 0.65 2.33 2 2 3 32.40 36.00 32.15
6/4/2025 11:21 PM  752 0.61 2.33 2 2 3 32.40 36.00 32.15
6/4/2025 11:21 PM  752 0.61 2.33 2 2 3 32.40 36.00 32.15
6/4/2025 11:21 PM  752 0.61 2.33 2 2 3 32.40 36.00 32.15
6/4/2025 11:21 PM  732 0.59 2.33 2 2 3 32.40 36.00 32.15
6/4/2025 11:21 PM  732 0.59 2.33 2 2 3 32.40 36.00 32.15
6/4/2025 11:21 PM  737 0.59 2.33 1 2 3 32.40 36.00 32.15
6/4/2025 11:21 PM  737 0.59 2.33 1 2 3 32.40 36.00 32.15
6/4/2025 11:21 PM  737 0.59 2.33 2 2 3 32.40 36.00 32.15
6/4/2025 11:21 PM  752 0.61 2.33 2 1 3 32.40 36.00 32.15
6/4/2025 11:21 PM  752 0.61 2.33 2 1 3 32.40 36.00 32.15
6/4/2025 11:22 PM  752 0.61 2.33 2 1 3 32.40 36.00 32.15
6/4/2025 11:22 PM  752 0.61 2.33 2 1 3 32.40 36.00 32.15
6/4/2025 11:22 PM  752 0.61 2.33 2 1 3 32.40 36.00 32.15
6/4/2025 11:22 PM  752 0.61 2.33 2 1 3 32.40 36.00 32.15
6/4/2025 11:22 PM  752 0.61 2.33 2 1 3 32.40 36.00 32.15
6/4/2025 11:22 PM  752 0.61 2.33 2 2 3 32.40 36.00 32.15
6/4/2025 11:22 PM  752 0.61 2.33 2 2 3 32.40 36.00 32.15
6/4/2025 11:22 PM  734 0.59 2.33 2 2 3 32.40 36.00 32.15
6/4/2025 11:22 PM  734 0.59 2.33 2 2 3 32.40 36.00 32.15
6/4/2025 11:22 PM  734 0.59 2.33 2 2 3 32.40 36.00 32.15
6/4/2025 11:22 PM  734 0.59 2.33 2 2 3 32.30 36.00 32.01
6/4/2025 11:22 PM  734 0.59 2.33 2 2 3 32.30 36.00 32.01
6/4/2025 11:22 PM  736 0.59 2.33 2 2 3 32.30 36.00 32.01
6/4/2025 11:22 PM  736 0.59 2.33 2 2 3 32.30 36.00 32.01
6/4/2025 11:22 PM  735 0.59 2.33 2 2 3 32.30 36.00 32.01
6/4/2025 11:22 PM  735 0.59 2.33 2 2 3 32.30 36.00 32.01
6/4/2025 11:22 PM  735 0.59 2.33 2 2 3 32.30 36.00 32.01
6/4/2025 11:22 PM  732 0.59 2.33 2 2 3 32.40 36.00 32.15
