
6/4/2025 11:12 PM  758 0.61 2.33 2 2 3 32.20 36.00 31.88
6/4/2025 11:12 PM  758 0.61 2.33 2 2 3 32.20 36.00 31.88
6/4/2025 11:12 PM  758 0.61 2.33 2 2 3 32.20 36.00 31.88
6/4/2025 11:12 PM  772 0.62 2.33 2 2 3 32.20 36.00 31.88
6/4/2025 11:12 PM  772 0.62 2.33 2 2 3 32.20 36.00 31.88
6/4/2025 11:12 PM  742 0.60 2.33 2 2 3 32.20 36.00 31.88
6/4/2025 11:12 PM  742 0.60 2.33 2 2 3 32.20 36.00 31.88
6/4/2025 11:12 PM  737 0.59 2.33 2 2 3 32.20 36.00 31.88
6/4/2025 11:12 PM  737 0.59 2.33 2 2 3 32.20 36.00 31.88
6/4/2025 11:12 PM  737 0.59 2.33 2 2 3 32.20 36.00 31.88
6/4/2025 11:12 PM  749 0.60 2.33 2 2 3 32.20 36.00 31.88
6/4/2025 11:12 PM  749 0.60 2.33 2 2 3 32.20 36.00 31.88
6/4/2025 11:12 PM  743 0.60 2.33 2 2 3 32.20 36.00 31.88
6/4/2025 11:12 PM  743 0.60 2.33 2 2 3 32.20 36.00 31.88
6/4/2025 11:12 PM  743 0.60 2.33 2 2 3 32.20 36.00 31.88
6/4/2025 11:12 PM  777 0.63 2.33 2 2 3 32.20 36.00 31.88
6/4/2025 11:12 PM  777 0.63 2.33 2 2 3 32.20 36.00 31.88
6/4/2025 11:12 PM  750 0.60 2.33 2 2 3 32.20 36.00 31.88
6/4/2025 11:12 PM  750 0.60 2.33 2 2 3 32.20 36.00 31.88
6/4/2025 11:12 PM  746 0.60 2.33 2 2 3 32.20 36.00 31.88
6/4/2025 11:12 PM  746 0.60 2.33 2 2 3 32.20 36.00 31.88
6/4/2025 11:12 PM  746 0.60 2.33 2 2 3 32.20 36.00 31.88
6/4/2025 11:12 PM  746 0.60 2.33 2 2 3 32.20 36.00 31.88
6/4/2025 11:12 PM  746 0.60 2.33 2 2 3 32.20 36.00 31.88
6/4/2025 11:12 PM  765 0.62 2.33 2 2 3 32.20 36.00 31.88
6/4/2025 11:12 PM  765 0.62 2.33 2 2 3 32.20 36.00 31.88
6/4/2025 11:12 PM  764 0.62 2.33 2 2 3 32.20 36.00 31.88
6/4/2025 11:12 PM  764 0.62 2.33 2 2 3 32.30 36.00 32.01
6/4/2025 11:12 PM  764 0.62 2.33 2 2 3 32.30 36.00 32.01
6/4/2025 11:12 PM  749 0.60 2.33 2 2 3 32.30 36.00 32.01
6/4/2025 11:12 PM  749 0.60 2.33 2 2 3 32.30 36.00 32.01
6/4/2025 11:12 PM  763 0.61 2.33 2 2 3 32.30 36.00 32.01
6/4/2025 11:12 PM  763 0.61 2.33 2 2 3 32.30 36.00 32.01
6/4/2025 11:12 PM  763 0.61 2.33 2 2 3 32.30 36.00 32.01
6/4/2025 11:12 PM  742 0.60 2.33 2 2 3 32.30 36.00 32.01
6/4/2025 11:12 PM  742 0.60 2.33 2 2 3 32.30 36.00 32.01
6/4/2025 11:12 PM  758 0.61 2.33 2 2 3 32.30 36.00 32.01
6/4/2025 11:12 PM  758 0.61 2.33 2 2 3 32.30 36.00 32.01
6/4/2025 11:13 PM  747 0.60 2.33 2 2 3 32.30 36.00 32.01
6/4/2025 11:13 PM  747 0.60 2.33 2 2 3 32.30 36.00 32.01
6/4/2025 11:13 PM  747 0.60 2.33 2 2 3 32.30 36.00 32.01
6/4/2025 11:13 PM  741 0.60 2.33 2 2 3 32.20 36.00 31.88
6/4/2025 11:13 PM  741 0.60 2.33 2 2 3 32.20 36.00 31.88
6/4/2025 11:13 PM  752 0.61 2.33 2 2 3 32.20 36.00 31.88
6/4/2025 11:13 PM  752 0.61 2.33 2 2 3 32.20 36.00 31.88
6/4/2025 11:13 PM  752 0.61 2.33 2 2 3 32.20 36.00 31.88
6/4/2025 11:13 PM  739 0.60 2.33 2 2 3 32.20 36.00 31.88
6/4/2025 11:13 PM  739 0.60 2.33 2 2 3 32.20 36.00 31.88
6/4/2025 11:13 PM  760 0.61 2.33 2 2 3 32.20 36.00 31.88
6/4/2025 11:13 PM  760 0.61 2.33 2 2 3 32.20 36.00 31.88
6/4/2025 11:13 PM  739 0.60 2.33 2 2 3 32.30 36.00 32.01
6/4/2025 11:13 PM  739 0.60 2.33 2 2 3 32.30 36.00 32.01
6/4/2025 11:13 PM  739 0.60 2.33 2 2 3 32.30 36.00 32.01
6/4/2025 11:13 PM  764 0.62 2.33 2 2 3 32.30 36.00 32.01
6/4/2025 11:13 PM  764 0.62 2.33 2 2 3 32.30 36.00 32.01
6/4/2025 11:13 PM  749 0.60 2.33 2 2 3 32.30 36.00 32.01
6/4/2025 11:13 PM  757 0.61 2.33 2 2 3 32.30 36.00 32.01
6/4/2025 11:13 PM  757 0.61 2.33 2 2 3 32.30 36.00 32.01
6/4/2025 11:13 PM  742 0.60 2.33 2 2 3 32.30 36.00 32.01
6/4/2025 11:13 PM  742 0.60 2.33 2 2 3 32.30 36.00 32.01
6/4/2025 11:13 PM  742 0.60 2.33 2 2 3 32.30 36.00 32.01
6/4/2025 11:13 PM  774 0.62 2.33 2 2 3 32.30 36.00 32.01
6/4/2025 11:13 PM  774 0.62 2.33 2 2 3 32.30 36.00 32.01
6/4/2025 11:13 PM  762 0.61 2.33 2 2 3 32.30 36.00 32.01
6/4/2025 11:13 PM  762 0.61 2.33 2 2 3 32.30 36.00 32.01
6/4/2025 11:13 PM  762 0.61 2.33 2 2 3 32.30 36.00 32.01
6/4/2025 11:13 PM  757 0.61 2.33 2 2 3 32.30 36.00 32.01
6/4/2025 11:13 PM  757 0.61 2.33 2 2 3 32.30 36.00 32.01
6/4/2025 11:13 PM  758 0.61 2.33 2 2 3 32.30 36.00 32.01
6/4/2025 11:13 PM  758 0.61 2.33 2 2 3 32.30 36.00 32.01
6/4/2025 11:13 PM  741 0.60 2.33 2 2 3 32.30 36.00 32.01
6/4/2025 11:13 PM  741 0.60 2.33 2 2 3 32.30 36.00 32.01
6/4/2025 11:13 PM  741 0.60 2.33 2 2 3 32.30 36.00 32.01
6/4/2025 11:13 PM  758 0.61 2.33 2 2 3 32.30 36.00 32.01
6/4/2025 11:13 PM  758 0.61 2.33 2 2 3 32.30 36.00 32.01
6/4/2025 11:13 PM  762 0.61 2.33 2 2 3 32.30 36.00 32.01
6/4/2025 11:13 PM  762 0.61 2.33 2 2 3 32.30 36.00 32.01
6/4/2025 11:13 PM  762 0.61 2.33 2 2 3 32.30 36.00 32.01
6/4/2025 11:13 PM  758 0.61 2.33 2 2 3 32.30 36.00 32.01
6/4/2025 11:13 PM  758 0.61 2.33 2 2 3 32.30 36.00 32.01
6/4/2025 11:13 PM  758 0.61 2.33 2 2 3 32.30 36.00 32.01
6/4/2025 11:13 PM  758 0.61 2.33 2 2 3 32.30 36.00 32.01
6/4/2025 11:13 PM  741 0.60 2.33 2 2 3 32.30 36.00 32.01
6/4/2025 11:13 PM  741 0.60 2.33 2 2 3 32.30 36.00 32.01
6/4/2025 11:13 PM  741 0.60 2.33 2 2 3 32.30 36.00 32.01
6/4/2025 11:13 PM  759 0.61 2.33 2 2 3 32.30 36.00 32.01
6/4/2025 11:13 PM  759 0.61 2.33 2 2 3 32.30 36.00 32.01
6/4/2025 11:13 PM  759 0.61 2.33 2 2 3 32.30 36.00 32.01
6/4/2025 11:13 PM  759 0.61 2.33 2 2 3 32.30 36.00 32.01
6/4/2025 11:13 PM  759 0.61 2.33 2 2 3 32.30 36.00 32.01
6/4/2025 11:13 PM  742 0.60 2.33 2 2 3 32.30 36.00 32.01
6/4/2025 11:13 PM  742 0.60 2.33 2 2 3 32.30 36.00 32.01
6/4/2025 11:13 PM  759 0.61 2.33 2 2 3 32.30 36.00 32.01
6/4/2025 11:13 PM  759 0.61 2.33 2 2 3 32.30 36.00 32.01
6/4/2025 11:14 PM  759 0.61 2.33 2 2 3 32.30 36.00 32.01
6/4/2025 11:14 PM  759 0.61 2.33 2 2 3 32.30 36.00 32.01
6/4/2025 11:14 PM  759 0.61 2.33 2 2 3 32.30 36.00 32.01
6/4/2025 11:14 PM  755 0.61 2.33 2 2 3 32.30 36.00 32.01
6/4/2025 11:14 PM  755 0.61 2.33 2 2 3 32.30 36.00 32.01
6/4/2025 11:14 PM  747 0.60 2.33 2 2 3 32.30 36.00 32.01
6/4/2025 11:14 PM  747 0.60 2.33 2 2 3 32.30 36.00 32.01
6/4/2025 11:14 PM  747 0.60 2.33 2 1 3 32.30 36.00 32.01
6/4/2025 11:14 PM  759 0.61 2.33 2 1 3 32.30 36.00 32.01
6/4/2025 11:14 PM  759 0.61 2.33 2 1 3 32.30 36.00 32.01
6/4/2025 11:14 PM  770 0.62 2.33 2 2 3 32.30 36.00 32.01
6/4/2025 11:14 PM  770 0.62 2.33 2 2 3 32.30 36.00 32.01
6/4/2025 11:14 PM  753 0.61 2.33 2 2 3 32.30 36.00 32.01
6/4/2025 11:14 PM  753 0.61 2.33 2 2 3 32.30 36.00 32.01
6/4/2025 11:14 PM  753 0.61 2.33 2 2 3 32.30 36.00 32.01
6/4/2025 11:14 PM  757 0.61 2.33 2 2 3 32.30 36.00 32.01
6/4/2025 11:14 PM  757 0.61 2.33 2 2 3 32.30 36.00 32.01
6/4/2025 11:14 PM  733 0.59 2.33 2 2 3 32.30 36.00 32.01
6/4/2025 11:14 PM  743 0.60 2.33 2 2 3 32.30 36.00 32.01
6/4/2025 11:14 PM  743 0.60 2.33 2 2 3 32.30 36.00 32.01
6/4/2025 11:14 PM  741 0.60 2.33 2 2 3 32.30 36.00 32.01
6/4/2025 11:14 PM  741 0.60 2.33 2 2 3 32.30 36.00 32.01
6/4/2025 11:14 PM  741 0.60 2.33 2 2 3 32.30 36.00 32.01
6/4/2025 11:14 PM  758 0.61 2.33 2 2 3 32.30 36.00 32.01
6/4/2025 11:14 PM  758 0.61 2.33 2 2 3 32.30 36.00 32.01
6/4/2025 11:14 PM  743 0.60 2.33 2 2 3 32.20 36.00 31.88
6/4/2025 11:14 PM  743 0.60 2.33 2 2 3 32.20 36.00 31.88
6/4/2025 11:14 PM  743 0.60 2.33 2 2 3 32.20 36.00 31.88
6/4/2025 11:14 PM  760 0.61 2.33 2 2 3 32.20 36.00 31.88
6/4/2025 11:14 PM  760 0.61 2.33 2 2 3 32.20 36.00 31.88
6/4/2025 11:14 PM  738 0.59 2.33 2 2 3 32.30 36.00 32.01
6/4/2025 11:14 PM  738 0.59 2.33 2 2 3 32.30 36.00 32.01
6/4/2025 11:14 PM  762 0.61 2.33 2 2 3 32.30 36.00 32.01
6/4/2025 11:14 PM  762 0.61 2.33 2 2 3 32.30 36.00 32.01
6/4/2025 11:14 PM  762 0.61 2.33 2 2 3 32.30 36.00 32.01
6/4/2025 11:14 PM  740 0.60 2.33 2 2 3 32.30 36.00 32.01
6/4/2025 11:14 PM  740 0.60 2.33 2 2 3 32.30 36.00 32.01
6/4/2025 11:14 PM  739 0.60 2.33 2 1 3 32.30 36.00 32.01
6/4/2025 11:14 PM  739 0.60 2.33 2 1 3 32.30 36.00 32.01
6/4/2025 11:14 PM  767 0.62 2.33 2 2 3 32.30 36.00 32.01
6/4/2025 11:14 PM  767 0.62 2.33 2 2 3 32.30 36.00 32.01
6/4/2025 11:14 PM  767 0.62 2.33 2 2 3 32.30 36.00 32.01
6/4/2025 11:14 PM  739 0.60 2.33 2 2 3 32.30 36.00 32.01
6/4/2025 11:14 PM  739 0.60 2.33 2 2 3 32.30 36.00 32.01
6/4/2025 11:14 PM  752 0.61 2.33 2 2 3 32.30 36.00 32.01
6/4/2025 11:14 PM  752 0.61 2.33 2 2 3 32.30 36.00 32.01
6/4/2025 11:14 PM  752 0.61 2.33 2 2 3 32.30 36.00 32.01
6/4/2025 11:14 PM  739 0.60 2.33 2 2 3 32.30 36.00 32.01
6/4/2025 11:14 PM  739 0.60 2.33 2 2 3 32.30 36.00 32.01
6/4/2025 11:14 PM  758 0.61 2.33 2 2 3 32.40 36.00 32.15
6/4/2025 11:14 PM  758 0.61 2.33 2 2 3 32.40 36.00 32.15
6/4/2025 11:14 PM  738 0.59 2.33 2 2 3 32.30 36.00 32.01
6/4/2025 11:14 PM  738 0.59 2.33 2 2 3 32.30 36.00 32.01
6/4/2025 11:14 PM  738 0.59 2.33 2 2 3 32.30 36.00 32.01
6/4/2025 11:14 PM  751 0.61 2.33 2 2 3 32.30 36.00 32.01
6/4/2025 11:14 PM  751 0.61 2.33 2 2 3 32.30 36.00 32.01
6/4/2025 11:15 PM  735 0.59 2.33 2 2 3 32.30 36.00 32.01
6/4/2025 11:15 PM  735 0.59 2.33 2 2 3 32.30 36.00 32.01
6/4/2025 11:15 PM  735 0.59 2.33 2 2 3 32.30 36.00 32.01
6/4/2025 11:15 PM  737 0.59 2.33 2 2 3 32.30 36.00 32.01
6/4/2025 11:15 PM  737 0.59 2.33 2 2 3 32.30 36.00 32.01
6/4/2025 11:15 PM  753 0.61 2.33 2 2 3 32.30 36.00 32.01
6/4/2025 11:15 PM  753 0.61 2.33 2 2 3 32.30 36.00 32.01
6/4/2025 11:15 PM  739 0.60 2.33 2 2 3 32.30 36.00 32.01
6/4/2025 11:15 PM  739 0.60 2.33 2 2 3 32.30 36.00 32.01
6/4/2025 11:15 PM  739 0.60 2.33 2 2 3 32.30 36.00 32.01
6/4/2025 11:15 PM  752 0.61 2.33 2 2 3 32.30 36.00 32.01
6/4/2025 11:15 PM  752 0.61 2.33 2 2 3 32.30 36.00 32.01
6/4/2025 11:15 PM  750 0.60 2.33 2 2 3 32.30 36.00 32.01
6/4/2025 11:15 PM  750 0.60 2.33 2 2 3 32.30 36.00 32.01
6/4/2025 11:15 PM  750 0.60 2.33 2 2 3 32.30 36.00 32.01
6/4/2025 11:15 PM  720 0.58 2.33 2 2 3 32.30 36.00 32.01
6/4/2025 11:15 PM  720 0.58 2.33 2 2 3 32.30 36.00 32.01
6/4/2025 11:15 PM  751 0.61 2.33 2 2 3 32.30 36.00 32.01
6/4/2025 11:15 PM  736 0.59 2.33 2 1 3 32.30 36.00 32.01
6/4/2025 11:15 PM  736 0.59 2.33 2 1 3 32.30 36.00 32.01
6/4/2025 11:15 PM  736 0.59 2.33 1 2 3 32.30 36.00 32.01
6/4/2025 11:15 PM  738 0.59 2.33 1 2 3 32.30 36.00 32.01
6/4/2025 11:15 PM  738 0.59 2.33 1 2 3 32.30 36.00 32.01
6/4/2025 11:15 PM  752 0.61 2.33 2 2 3 32.30 36.00 32.01
6/4/2025 11:15 PM  752 0.61 2.33 2 2 3 32.30 36.00 32.01
6/4/2025 11:15 PM  736 0.59 2.33 2 2 3 32.30 36.00 32.01
6/4/2025 11:15 PM  736 0.59 2.33 2 2 3 32.30 36.00 32.01
6/4/2025 11:15 PM  736 0.59 2.33 2 2 3 32.30 36.00 32.01
6/4/2025 11:15 PM  744 0.60 2.33 2 2 3 32.30 36.00 32.01
6/4/2025 11:15 PM  744 0.60 2.33 2 2 3 32.30 36.00 32.01
6/4/2025 11:15 PM  741 0.60 2.33 2 2 3 32.30 36.00 32.01
6/4/2025 11:15 PM  741 0.60 2.33 2 2 3 32.30 36.00 32.01
6/4/2025 11:15 PM  741 0.60 2.33 2 2 3 32.30 36.00 32.01
6/4/2025 11:15 PM  741 0.60 2.33 2 2 3 32.30 36.00 32.01
6/4/2025 11:15 PM  741 0.60 2.33 2 2 3 32.30 36.00 32.01
6/4/2025 11:15 PM  759 0.61 2.33 2 2 3 32.30 36.00 32.01
6/4/2025 11:15 PM  759 0.61 2.33 2 2 3 32.30 36.00 32.01
6/4/2025 11:15 PM  752 0.61 2.33 2 2 3 32.30 36.00 32.01
6/4/2025 11:15 PM  752 0.61 2.33 2 2 3 32.30 36.00 32.01
6/4/2025 11:15 PM  752 0.61 2.33 2 2 3 32.30 36.00 32.01
6/4/2025 11:15 PM  742 0.60 2.33 2 2 3 32.30 36.00 32.01
6/4/2025 11:15 PM  742 0.60 2.33 2 2 3 32.30 36.00 32.01
6/4/2025 11:15 PM  757 0.61 2.33 2 2 3 32.30 36.00 32.01
6/4/2025 11:15 PM  757 0.61 2.33 2 2 3 32.30 36.00 32.01
6/4/2025 11:15 PM  745 0.60 2.33 2 2 3 32.30 36.00 32.01
6/4/2025 11:15 PM  745 0.60 2.33 2 2 3 32.30 36.00 32.01
6/4/2025 11:15 PM  745 0.60 2.33 2 2 3 32.30 36.00 32.01
6/4/2025 11:15 PM  757 0.61 2.33 2 1 3 32.40 36.00 32.15
6/4/2025 11:15 PM  757 0.61 2.33 2 1 3 32.40 36.00 32.15
6/4/2025 11:15 PM  789 0.64 2.33 2 2 3 32.30 36.00 32.01
6/4/2025 11:15 PM  789 0.64 2.33 2 2 3 32.30 36.00 32.01
6/4/2025 11:15 PM  789 0.64 2.33 2 2 3 32.30 36.00 32.01
6/4/2025 11:15 PM  763 0.61 2.33 2 2 3 32.30 36.00 32.01
6/4/2025 11:15 PM  763 0.61 2.33 2 2 3 32.30 36.00 32.01
6/4/2025 11:15 PM  758 0.61 2.33 2 2 3 32.30 36.00 32.01
6/4/2025 11:15 PM  758 0.61 2.33 2 2 3 32.30 36.00 32.01
6/4/2025 11:15 PM  736 0.59 2.33 2 2 3 32.30 36.00 32.01
6/4/2025 11:16 PM  736 0.59 2.33 2 2 3 32.30 36.00 32.01
6/4/2025 11:16 PM  736 0.59 2.33 2 2 3 32.30 36.00 32.01
6/4/2025 11:16 PM  763 0.61 2.33 2 2 3 32.40 36.00 32.15
6/4/2025 11:16 PM  763 0.61 2.33 2 2 3 32.40 36.00 32.15
6/4/2025 11:16 PM  766 0.62 2.33 2 2 3 32.40 36.00 32.15
6/4/2025 11:16 PM  766 0.62 2.33 2 2 3 32.40 36.00 32.15
6/4/2025 11:16 PM  766 0.62 2.33 2 2 3 32.40 36.00 32.15
6/4/2025 11:16 PM  763 0.61 2.33 2 2 3 32.40 36.00 32.15
6/4/2025 11:16 PM  763 0.61 2.33 2 2 3 32.40 36.00 32.15
6/4/2025 11:16 PM  761 0.61 2.33 2 2 3 32.40 36.00 32.15
6/4/2025 11:16 PM  761 0.61 2.33 2 2 3 32.40 36.00 32.15
6/4/2025 11:16 PM  750 0.60 2.33 2 2 3 32.30 36.00 32.01
6/4/2025 11:16 PM  750 0.60 2.33 2 2 3 32.30 36.00 32.01
6/4/2025 11:16 PM  750 0.60 2.33 2 2 3 32.30 36.00 32.01
6/4/2025 11:16 PM  767 0.62 2.33 2 2 3 32.30 36.00 32.01
6/4/2025 11:16 PM  767 0.62 2.33 2 2 3 32.30 36.00 32.01
6/4/2025 11:16 PM  752 0.61 2.33 2 2 3 32.30 36.00 32.01
6/4/2025 11:16 PM  752 0.61 2.33 2 2 3 32.30 36.00 32.01
6/4/2025 11:16 PM  768 0.62 2.33 2 2 3 32.30 36.00 32.01
6/4/2025 11:16 PM  732 0.59 2.33 2 2 3 32.30 36.00 32.01
6/4/2025 11:16 PM  732 0.59 2.33 2 2 3 32.30 36.00 32.01
6/4/2025 11:16 PM  732 0.59 2.33 2 2 3 32.30 36.00 32.01
6/4/2025 11:16 PM  748 0.60 2.33 2 2 3 32.30 36.00 32.01
6/4/2025 11:16 PM  748 0.60 2.33 2 2 3 32.30 36.00 32.01
6/4/2025 11:16 PM  750 0.60 2.33 2 2 3 32.30 36.00 32.01
6/4/2025 11:16 PM  750 0.60 2.33 2 2 3 32.30 36.00 32.01
6/4/2025 11:16 PM  750 0.60 2.33 2 2 3 32.30 36.00 32.01
6/4/2025 11:16 PM  811 0.65 2.33 2 2 3 32.30 36.00 32.01
6/4/2025 11:16 PM  811 0.65 2.33 2 2 3 32.30 36.00 32.01
6/4/2025 11:16 PM  778 0.63 2.33 2 2 3 32.30 36.00 32.01
6/4/2025 11:16 PM  778 0.63 2.33 2 2 3 32.30 36.00 32.01
6/4/2025 11:16 PM  752 0.61 2.33 2 2 3 32.40 36.00 32.15
6/4/2025 11:16 PM  752 0.61 2.33 2 2 3 32.40 36.00 32.15
6/4/2025 11:16 PM  752 0.61 2.33 2 2 3 32.40 36.00 32.15
6/4/2025 11:16 PM  766 0.62 2.33 2 2 3 32.40 36.00 32.15
6/4/2025 11:16 PM  766 0.62 2.33 2 2 3 32.40 36.00 32.15
6/4/2025 11:16 PM  750 0.60 2.33 2 2 3 32.30 36.00 32.01
6/4/2025 11:16 PM  750 0.60 2.33 2 2 3 32.30 36.00 32.01
6/4/2025 11:16 PM  750 0.60 2.33 2 2 3 32.30 36.00 32.01
6/4/2025 11:16 PM  763 0.61 2.33 2 2 3 32.30 36.00 32.01
6/4/2025 11:16 PM  763 0.61 2.33 2 2 3 32.30 36.00 32.01
6/4/2025 11:16 PM  806 0.65 2.33 2 2 3 32.30 36.00 32.01
6/4/2025 11:16 PM  806 0.65 2.33 2 2 3 32.30 36.00 32.01
6/4/2025 11:16 PM  747 0.60 2.33 2 2 3 32.30 36.00 32.01
6/4/2025 11:16 PM  747 0.60 2.33 2 2 3 32.30 36.00 32.01
6/4/2025 11:16 PM  747 0.60 2.33 2 2 3 32.30 36.00 32.01
6/4/2025 11:16 PM  766 0.62 2.33 2 2 3 32.30 36.00 32.01
6/4/2025 11:16 PM  766 0.62 2.33 2 2 3 32.30 36.00 32.01
6/4/2025 11:16 PM  747 0.60 2.33 2 2 3 32.30 36.00 32.01
6/4/2025 11:16 PM  747 0.60 2.33 2 2 3 32.30 36.00 32.01
6/4/2025 11:16 PM  747 0.60 2.33 2 2 3 32.30 36.00 32.01
6/4/2025 11:16 PM  762 0.61 2.33 2 2 3 32.40 36.00 32.15
6/4/2025 11:16 PM  762 0.61 2.33 2 2 3 32.40 36.00 32.15
6/4/2025 11:16 PM  748 0.60 2.33 2 2 3 32.40 36.00 32.15
6/4/2025 11:16 PM  748 0.60 2.33 2 2 3 32.40 36.00 32.15
6/4/2025 11:16 PM  759 0.61 2.33 2 2 3 32.40 36.00 32.15
6/4/2025 11:17 PM  759 0.61 2.33 2 2 3 32.40 36.00 32.15
6/4/2025 11:17 PM  759 0.61 2.33 2 2 3 32.40 36.00 32.15
6/4/2025 11:17 PM  742 0.60 2.33 2 2 3 32.40 36.00 32.15
6/4/2025 11:17 PM  742 0.60 2.33 2 2 3 32.40 36.00 32.15
6/4/2025 11:17 PM  764 0.62 2.33 2 2 3 32.40 36.00 32.15
6/4/2025 11:17 PM  764 0.62 2.33 2 2 3 32.40 36.00 32.15
6/4/2025 11:17 PM  764 0.62 2.33 2 2 3 32.40 36.00 32.15
6/4/2025 11:17 PM  735 0.59 2.33 2 2 3 32.40 36.00 32.15
6/4/2025 11:17 PM  735 0.59 2.33 2 2 3 32.40 36.00 32.15
6/4/2025 11:17 PM  746 0.60 2.33 2 2 3 32.30 36.00 32.01
6/4/2025 11:17 PM  746 0.60 2.33 2 2 3 32.30 36.00 32.01
6/4/2025 11:17 PM  763 0.61 2.33 2 2 3 32.40 36.00 32.15
6/4/2025 11:17 PM  763 0.61 2.33 2 2 3 32.40 36.00 32.15
6/4/2025 11:17 PM  763 0.61 2.33 2 2 3 32.40 36.00 32.15
6/4/2025 11:17 PM  745 0.60 2.33 2 2 3 32.40 36.00 32.15
6/4/2025 11:17 PM  745 0.60 2.33 2 2 3 32.40 36.00 32.15
6/4/2025 11:17 PM  759 0.61 2.33 2 2 3 32.30 36.00 32.01
6/4/2025 11:17 PM  759 0.61 2.33 2 2 3 32.30 36.00 32.01
6/4/2025 11:17 PM  747 0.60 2.33 2 2 3 32.30 36.00 32.01
6/4/2025 11:17 PM  764 0.62 2.33 2 2 3 32.30 36.00 32.01
6/4/2025 11:17 PM  764 0.62 2.33 2 2 3 32.30 36.00 32.01
6/4/2025 11:17 PM  764 0.62 2.33 2 2 3 32.30 36.00 32.01
6/4/2025 11:17 PM  747 0.60 2.33 2 2 3 32.30 36.00 32.01
6/4/2025 11:17 PM  747 0.60 2.33 2 2 3 32.30 36.00 32.01
6/4/2025 11:17 PM  755 0.61 2.33 2 2 3 32.30 36.00 32.01
6/4/2025 11:17 PM  755 0.61 2.33 2 2 3 32.30 36.00 32.01
6/4/2025 11:17 PM  755 0.61 2.33 2 2 3 32.30 36.00 32.01
6/4/2025 11:17 PM  747 0.60 2.33 2 2 3 32.30 36.00 32.01
6/4/2025 11:17 PM  747 0.60 2.33 2 2 3 32.30 36.00 32.01
6/4/2025 11:17 PM  763 0.61 2.33 2 2 3 32.30 36.00 32.01
6/4/2025 11:17 PM  759 0.61 2.33 2 2 3 32.30 36.00 32.01
6/4/2025 11:17 PM  759 0.61 2.33 2 2 3 32.30 36.00 32.01
6/4/2025 11:17 PM  759 0.61 2.33 2 2 3 32.30 36.00 32.01
6/4/2025 11:17 PM  745 0.60 2.33 2 2 3 32.30 36.00 32.01
6/4/2025 11:17 PM  745 0.60 2.33 2 2 3 32.30 36.00 32.01
6/4/2025 11:17 PM  746 0.60 2.33 2 2 3 32.40 36.00 32.15
6/4/2025 11:17 PM  746 0.60 2.33 2 2 3 32.40 36.00 32.15
6/4/2025 11:17 PM  746 0.60 2.33 2 2 3 32.40 36.00 32.15
6/4/2025 11:17 PM  745 0.60 2.33 2 2 3 32.40 36.00 32.15
6/4/2025 11:17 PM  745 0.60 2.33 2 2 3 32.40 36.00 32.15
6/4/2025 11:17 PM  768 0.62 2.33 2 2 3 32.40 36.00 32.15
6/4/2025 11:17 PM  768 0.62 2.33 2 2 3 32.40 36.00 32.15
6/4/2025 11:17 PM  763 0.61 2.33 2 2 3 32.40 36.00 32.15
6/4/2025 11:17 PM  763 0.61 2.33 2 2 3 32.40 36.00 32.15
6/4/2025 11:17 PM  763 0.61 2.33 2 2 3 32.40 36.00 32.15
6/4/2025 11:17 PM  760 0.61 2.33 2 2 3 32.40 36.00 32.15
6/4/2025 11:17 PM  760 0.61 2.33 2 2 3 32.40 36.00 32.15
6/4/2025 11:17 PM  762 0.61 2.33 2 2 3 32.40 36.00 32.15
6/4/2025 11:17 PM  762 0.61 2.33 2 2 3 32.40 36.00 32.15
6/4/2025 11:17 PM  762 0.61 2.33 2 2 3 32.40 36.00 32.15
6/4/2025 11:17 PM  747 0.60 2.33 2 2 3 32.40 36.00 32.15
6/4/2025 11:17 PM  747 0.60 2.33 2 2 3 32.40 36.00 32.15
6/4/2025 11:17 PM  763 0.61 2.33 2 2 3 32.40 36.00 32.15
6/4/2025 11:17 PM  763 0.61 2.33 2 2 3 32.40 36.00 32.15
6/4/2025 11:17 PM  763 0.61 2.33 2 2 3 32.40 36.00 32.15
6/4/2025 11:18 PM  763 0.61 2.33 2 2 3 32.40 36.00 32.15
6/4/2025 11:18 PM  763 0.61 2.33 2 2 3 32.40 36.00 32.15
6/4/2025 11:18 PM  762 0.61 2.33 2 2 3 32.40 36.00 32.15
6/4/2025 11:18 PM  762 0.61 2.33 2 2 3 32.40 36.00 32.15
6/4/2025 11:18 PM  761 0.61 2.33 2 2 3 32.40 36.00 32.15
6/4/2025 11:18 PM  761 0.61 2.33 2 2 3 32.40 36.00 32.15
6/4/2025 11:18 PM  761 0.61 2.33 2 2 3 32.40 36.00 32.15
6/4/2025 11:18 PM  749 0.60 2.33 2 2 3 32.40 36.00 32.15
6/4/2025 11:18 PM  749 0.60 2.33 2 2 3 32.40 36.00 32.15
6/4/2025 11:18 PM  765 0.62 2.33 2 2 3 32.40 36.00 32.15
6/4/2025 11:18 PM  765 0.62 2.33 2 2 3 32.40 36.00 32.15
6/4/2025 11:18 PM  778 0.63 2.33 2 2 3 32.40 36.00 32.15
6/4/2025 11:18 PM  778 0.63 2.33 2 2 3 32.40 36.00 32.15
6/4/2025 11:18 PM  778 0.63 2.33 2 2 3 32.40 36.00 32.15
6/4/2025 11:18 PM  765 0.62 2.33 2 2 3 32.40 36.00 32.15
6/4/2025 11:18 PM  765 0.62 2.33 2 2 3 32.40 36.00 32.15
6/4/2025 11:18 PM  768 0.62 2.33 2 2 3 32.40 36.00 32.15
6/4/2025 11:18 PM  768 0.62 2.33 2 2 3 32.40 36.00 32.15
6/4/2025 11:18 PM  768 0.62 2.33 2 2 3 32.40 36.00 32.15
6/4/2025 11:18 PM  746 0.60 2.33 2 2 3 32.40 36.00 32.15
6/4/2025 11:18 PM  746 0.60 2.33 2 2 3 32.40 36.00 32.15
6/4/2025 11:18 PM  763 0.61 2.33 2 2 3 32.40 36.00 32.15
6/4/2025 11:18 PM  763 0.61 2.33 2 2 3 32.40 36.00 32.15
6/4/2025 11:18 PM  749 0.60 2.33 2 2 3 32.40 36.00 32.15
6/4/2025 11:18 PM  749 0.60 2.33 2 2 3 32.40 36.00 32.15
6/4/2025 11:18 PM  749 0.60 2.33 2 2 3 32.40 36.00 32.15
6/4/2025 11:18 PM  751 0.61 2.33 2 2 3 32.30 36.00 32.01
6/4/2025 11:18 PM  751 0.61 2.33 2 2 3 32.30 36.00 32.01
6/4/2025 11:18 PM  763 0.61 2.33 2 2 3 32.40 36.00 32.15
6/4/2025 11:18 PM  763 0.61 2.33 2 2 3 32.40 36.00 32.15
6/4/2025 11:18 PM  763 0.61 2.33 2 2 3 32.40 36.00 32.15
6/4/2025 11:18 PM  752 0.61 2.33 2 2 3 32.40 36.00 32.15
6/4/2025 11:18 PM  752 0.61 2.33 2 2 3 32.40 36.00 32.15
6/4/2025 11:18 PM  766 0.62 2.33 2 2 3 32.40 36.00 32.15
6/4/2025 11:18 PM  766 0.62 2.33 2 2 3 32.40 36.00 32.15
6/4/2025 11:18 PM  749 0.60 2.33 2 2 3 32.40 36.00 32.15
6/4/2025 11:18 PM  749 0.60 2.33 2 2 3 32.40 36.00 32.15
6/4/2025 11:18 PM  749 0.60 2.33 2 2 3 32.40 36.00 32.15
6/4/2025 11:18 PM  746 0.60 2.33 2 2 3 32.40 36.00 32.15
6/4/2025 11:18 PM  746 0.60 2.33 2 2 3 32.40 36.00 32.15
6/4/2025 11:18 PM  765 0.62 2.33 2 2 3 32.40 36.00 32.15
6/4/2025 11:18 PM  765 0.62 2.33 2 2 3 32.40 36.00 32.15
6/4/2025 11:18 PM  747 0.60 2.33 2 2 3 32.40 36.00 32.15
6/4/2025 11:18 PM  747 0.60 2.33 2 2 3 32.40 36.00 32.15
6/4/2025 11:18 PM  747 0.60 2.33 2 2 3 32.40 36.00 32.15
6/4/2025 11:18 PM  753 0.61 2.33 2 2 3 32.40 36.00 32.15
6/4/2025 11:18 PM  753 0.61 2.33 2 2 3 32.40 36.00 32.15
6/4/2025 11:18 PM  750 0.60 2.33 2 2 3 32.40 36.00 32.15
6/4/2025 11:18 PM  750 0.60 2.33 2 2 3 32.40 36.00 32.15
6/4/2025 11:18 PM  750 0.60 2.33 2 2 3 32.40 36.00 32.15
6/4/2025 11:18 PM  740 0.60 2.33 2 2 3 32.40 36.00 32.15
6/4/2025 11:18 PM  740 0.60 2.33 2 2 3 32.40 36.00 32.15
6/4/2025 11:18 PM  766 0.62 2.33 2 2 3 32.40 36.00 32.15
6/4/2025 11:18 PM  766 0.62 2.33 2 2 3 32.40 36.00 32.15
6/4/2025 11:18 PM  746 0.60 2.33 2 2 3 32.40 36.00 32.15
6/4/2025 11:19 PM  746 0.60 2.33 2 2 3 32.40 36.00 32.15
6/4/2025 11:19 PM  746 0.60 2.33 2 2 3 32.40 36.00 32.15
6/4/2025 11:19 PM  764 0.62 2.33 2 2 3 32.40 36.00 32.15
6/4/2025 11:19 PM  764 0.62 2.33 2 2 3 32.40 36.00 32.15
6/4/2025 11:19 PM  743 0.60 2.33 2 2 3 32.30 36.00 32.01
6/4/2025 11:19 PM  743 0.60 2.33 2 2 3 32.30 36.00 32.01
6/4/2025 11:19 PM  743 0.60 2.33 2 2 3 32.30 36.00 32.01
6/4/2025 11:19 PM  759 0.61 2.33 2 2 3 32.40 36.00 32.15
6/4/2025 11:19 PM  759 0.61 2.33 2 2 3 32.40 36.00 32.15
6/4/2025 11:19 PM  743 0.60 2.33 2 2 3 32.40 36.00 32.15
6/4/2025 11:19 PM  743 0.60 2.33 2 2 3 32.40 36.00 32.15
6/4/2025 11:19 PM  758 0.61 2.33 2 2 3 32.40 36.00 32.15
6/4/2025 11:19 PM  758 0.61 2.33 2 2 3 32.40 36.00 32.15
6/4/2025 11:19 PM  758 0.61 2.33 2 2 3 32.40 36.00 32.15
6/4/2025 11:19 PM  766 0.62 2.33 2 2 3 32.40 36.00 32.15
6/4/2025 11:19 PM  766 0.62 2.33 2 2 3 32.40 36.00 32.15
6/4/2025 11:19 PM  742 0.60 2.33 2 2 3 32.50 36.00 32.28
6/4/2025 11:19 PM  742 0.60 2.33 2 2 3 32.50 36.00 32.28
6/4/2025 11:19 PM  742 0.60 2.33 2 2 3 32.50 36.00 32.28
6/4/2025 11:19 PM  742 0.60 2.33 2 2 3 32.50 36.00 32.28
6/4/2025 11:19 PM  742 0.60 2.33 2 2 3 32.40 36.00 32.15
6/4/2025 11:19 PM  742 0.60 2.33 2 2 3 32.40 36.00 32.15
6/4/2025 11:19 PM  742 0.60 2.33 2 2 3 32.50 36.00 32.28
6/4/2025 11:19 PM  742 0.60 2.33 2 2 3 32.50 36.00 32.28
6/4/2025 11:19 PM  710 0.57 2.33 2 2 3 32.40 36.00 32.15
6/4/2025 11:19 PM  710 0.57 2.33 2 2 3 32.40 36.00 32.15
6/4/2025 11:19 PM  741 0.60 2.33 2 2 3 32.40 36.00 32.15
6/4/2025 11:19 PM  741 0.60 2.33 2 2 3 32.40 36.00 32.15
6/4/2025 11:19 PM  741 0.60 2.33 2 2 3 32.40 36.00 32.15
6/4/2025 11:19 PM  705 0.57 2.33 2 2 3 32.40 36.00 32.15
6/4/2025 11:19 PM  705 0.57 2.33 2 2 3 32.40 36.00 32.15
6/4/2025 11:19 PM  750 0.60 2.33 2 2 3 32.40 36.00 32.15
6/4/2025 11:19 PM  750 0.60 2.33 2 2 3 32.40 36.00 32.15
6/4/2025 11:19 PM  750 0.60 2.33 2 2 3 32.40 36.00 32.15
6/4/2025 11:19 PM  741 0.60 2.33 2 2 3 32.40 36.00 32.15
6/4/2025 11:19 PM  741 0.60 2.33 2 2 3 32.40 36.00 32.15
6/4/2025 11:19 PM  758 0.61 2.33 2 2 3 32.40 36.00 32.15
6/4/2025 11:19 PM  758 0.61 2.33 2 2 3 32.40 36.00 32.15
6/4/2025 11:19 PM  745 0.60 2.33 2 2 3 32.40 36.00 32.15
6/4/2025 11:19 PM  745 0.60 2.33 2 2 3 32.40 36.00 32.15
6/4/2025 11:19 PM  745 0.60 2.33 2 2 3 32.40 36.00 32.15
6/4/2025 11:19 PM  742 0.60 2.33 2 2 3 32.40 36.00 32.15
6/4/2025 11:19 PM  742 0.60 2.33 2 2 3 32.40 36.00 32.15
6/4/2025 11:19 PM  759 0.61 2.33 2 2 3 32.40 36.00 32.15
6/4/2025 11:19 PM  759 0.61 2.33 2 2 3 32.40 36.00 32.15
6/4/2025 11:19 PM  759 0.61 2.33 2 2 3 32.40 36.00 32.15
6/4/2025 11:19 PM  740 0.60 2.33 2 2 3 32.40 36.00 32.15
6/4/2025 11:19 PM  740 0.60 2.33 2 2 3 32.40 36.00 32.15
6/4/2025 11:19 PM  757 0.61 2.33 2 2 3 32.40 36.00 32.15
6/4/2025 11:19 PM  757 0.61 2.33 2 2 3 32.40 36.00 32.15
6/4/2025 11:19 PM  757 0.61 2.33 2 2 3 32.40 36.00 32.15
6/4/2025 11:19 PM  757 0.61 2.33 2 2 3 32.40 36.00 32.15
6/4/2025 11:19 PM  757 0.61 2.33 2 2 3 32.40 36.00 32.15
6/4/2025 11:19 PM  759 0.61 2.33 2 2 3 32.40 36.00 32.15
6/4/2025 11:19 PM  759 0.61 2.33 2 2 3 32.40 36.00 32.15
6/4/2025 11:19 PM  755 0.61 2.33 2 2 3 32.40 36.00 32.15
6/4/2025 11:20 PM  755 0.61 2.33 2 2 3 32.40 36.00 32.15
6/4/2025 11:20 PM  755 0.61 2.33 2 2 3 32.40 36.00 32.15
6/4/2025 11:20 PM  739 0.60 2.33 2 2 3 32.40 36.00 32.15
6/4/2025 11:20 PM  739 0.60 2.33 2 2 3 32.40 36.00 32.15
6/4/2025 11:20 PM  755 0.61 2.33 2 2 3 32.40 36.00 32.15
6/4/2025 11:20 PM  755 0.61 2.33 2 2 3 32.40 36.00 32.15
6/4/2025 11:20 PM  738 0.59 2.33 2 2 3 32.40 36.00 32.15
6/4/2025 11:20 PM  738 0.59 2.33 2 2 3 32.40 36.00 32.15
6/4/2025 11:20 PM  738 0.59 2.33 2 2 3 32.40 36.00 32.15
6/4/2025 11:20 PM  757 0.61 2.33 2 2 3 32.40 36.00 32.15
6/4/2025 11:20 PM  757 0.61 2.33 2 2 3 32.40 36.00 32.15
6/4/2025 11:20 PM  756 0.61 2.33 2 2 3 32.40 36.00 32.15
6/4/2025 11:20 PM  756 0.61 2.33 2 2 3 32.40 36.00 32.15
6/4/2025 11:20 PM  756 0.61 2.33 2 2 3 32.40 36.00 32.15
6/4/2025 11:20 PM  740 0.60 2.33 2 2 3 32.40 36.00 32.15
6/4/2025 11:20 PM  740 0.60 2.33 2 2 3 32.40 36.00 32.15
6/4/2025 11:20 PM  753 0.61 2.33 2 2 3 32.40 36.00 32.15
6/4/2025 11:20 PM  753 0.61 2.33 2 2 3 32.40 36.00 32.15
6/4/2025 11:20 PM  757 0.61 2.33 2 2 3 32.40 36.00 32.15
6/4/2025 11:20 PM  757 0.61 2.33 2 2 3 32.40 36.00 32.15
6/4/2025 11:20 PM  757 0.61 2.33 2 2 3 32.50 36.00 32.28
6/4/2025 11:20 PM  757 0.61 2.33 2 2 3 32.50 36.00 32.28
6/4/2025 11:20 PM  757 0.61 2.33 2 2 3 32.50 36.00 32.28
6/4/2025 11:20 PM  757 0.61 2.33 2 2 3 32.50 36.00 32.28
6/4/2025 11:20 PM  711 0.57 2.33 2 2 3 32.50 36.00 32.28
6/4/2025 11:20 PM  711 0.57 2.33 2 2 3 32.50 36.00 32.28
6/4/2025 11:20 PM  739 0.60 2.33 2 2 3 32.50 36.00 32.28
6/4/2025 11:20 PM  739 0.60 2.33 2 2 3 32.50 36.00 32.28
6/4/2025 11:20 PM  752 0.61 2.33 2 1 3 32.50 36.00 32.28
6/4/2025 11:20 PM  752 0.61 2.33 2 1 3 32.50 36.00 32.28
6/4/2025 11:20 PM  752 0.61 2.33 2 1 3 32.50 36.00 32.28
6/4/2025 11:20 PM  756 0.61 2.33 2 2 3 32.50 36.00 32.28
6/4/2025 11:20 PM  756 0.61 2.33 2 2 3 32.50 36.00 32.28
6/4/2025 11:20 PM  755 0.61 2.33 2 1 3 32.40 36.00 32.15
6/4/2025 11:20 PM  755 0.61 2.33 2 1 3 32.40 36.00 32.15
6/4/2025 11:20 PM  755 0.61 2.33 2 1 3 32.40 36.00 32.15
6/4/2025 11:20 PM  759 0.61 2.33 2 2 3 32.40 36.00 32.15
6/4/2025 11:20 PM  759 0.61 2.33 2 2 3 32.40 36.00 32.15
6/4/2025 11:20 PM  741 0.60 2.33 2 2 3 32.40 36.00 32.15
6/4/2025 11:20 PM  741 0.60 2.33 2 2 3 32.40 36.00 32.15
6/4/2025 11:20 PM  753 0.61 2.33 2 2 3 32.40 36.00 32.15
6/4/2025 11:20 PM  753 0.61 2.33 2 2 3 32.40 36.00 32.15
6/4/2025 11:20 PM  753 0.61 2.33 2 2 3 32.40 36.00 32.15
6/4/2025 11:20 PM  739 0.60 2.33 2 2 3 32.40 36.00 32.15
6/4/2025 11:20 PM  739 0.60 2.33 2 2 3 32.40 36.00 32.15
6/4/2025 11:20 PM  747 0.60 2.33 2 2 3 32.40 36.00 32.15
6/4/2025 11:20 PM  747 0.60 2.33 2 2 3 32.40 36.00 32.15
6/4/2025 11:20 PM  747 0.60 2.33 2 2 3 32.40 36.00 32.15
6/4/2025 11:20 PM  757 0.61 2.33 2 2 3 32.40 36.00 32.15
6/4/2025 11:20 PM  757 0.61 2.33 2 2 3 32.40 36.00 32.15
6/4/2025 11:20 PM  757 0.61 2.33 2 2 3 32.30 36.00 32.01
6/4/2025 11:20 PM  757 0.61 2.33 2 2 3 32.30 36.00 32.01
6/4/2025 11:20 PM  786 0.63 2.33 2 2 3 32.30 36.00 32.01
6/4/2025 11:20 PM  786 0.63 2.33 2 2 3 32.30 36.00 32.01
6/4/2025 11:20 PM  786 0.63 2.33 2 2 3 32.30 36.00 32.01
6/4/2025 11:20 PM  739 0.60 2.33 2 2 3 32.30 36.00 32.01
6/4/2025 11:21 PM  739 0.60 2.33 2 2 3 32.30 36.00 32.01
6/4/2025 11:21 PM  759 0.61 2.33 2 2 3 32.30 36.00 32.01
6/4/2025 11:21 PM  759 0.61 2.33 2 2 3 32.30 36.00 32.01
6/4/2025 11:21 PM  759 0.61 2.33 2 2 3 32.30 36.00 32.01
6/4/2025 11:21 PM  754 0.61 2.33 2 2 3 32.30 36.00 32.01
6/4/2025 11:21 PM  754 0.61 2.33 2 2 3 32.30 36.00 32.01
6/4/2025 11:21 PM  744 0.60 2.33 2 1 3 32.40 36.00 32.15
6/4/2025 11:21 PM  744 0.60 2.33 2 1 3 32.40 36.00 32.15
6/4/2025 11:21 PM  752 0.61 2.33 2 2 3 32.40 36.00 32.15
6/4/2025 11:21 PM  752 0.61 2.33 2 2 3 32.40 36.00 32.15
6/4/2025 11:21 PM  752 0.61 2.33 2 2 3 32.40 36.00 32.15
6/4/2025 11:21 PM  740 0.60 2.33 2 2 3 32.40 36.00 32.15
6/4/2025 11:21 PM  740 0.60 2.33 2 2 3 32.40 36.00 32.15
6/4/2025 11:21 PM  752 0.61 2.33 2 2 3 32.40 36.00 32.15
6/4/2025 11:21 PM  752 0.61 2.33 2 2 3 32.40 36.00 32.15
6/4/2025 11:21 PM  752 0.61 2.33 2 2 3 32.40 36.00 32.15
6/4/2025 11:21 PM  736 0.59 2.33 2 2 3 32.40 36.00 32.15
6/4/2025 11:21 PM  736 0.59 2.33 2 2 3 32.40 36.00 32.15
6/4/2025 11:21 PM  738 0.59 2.33 2 2 3 32.40 36.00 32.15
6/4/2025 11:21 PM  738 0.59 2.33 2 2 3 32.40 36.00 32.15
6/4/2025 11:21 PM  737 0.59 2.33 2 2 3 32.40 36.00 32.15
6/4/2025 11:21 PM  737 0.59 2.33 2 1 3 32.40 36.00 32.15
6/4/2025 11:21 PM  752 0.61 2.33 2 1 3 32.40 36.00 32.15
6/4/2025 11:21 PM  752 0.61 2.33 2 1 3 32.40 36.00 32.15
6/4/2025 11:21 PM  732 0.59 2.33 2 2 3 32.40 36.00 32.15
6/4/2025 11:21 PM  732 0.59 2.33 2 2 3 32.40 36.00 32.15
6/4/2025 11:21 PM  737 0.59 2.33 2 1 3 32.40 36.00 32.15
6/4/2025 11:21 PM  737 0.59 2.33 2 1 3 32.40 36.00 32.15
6/4/2025 11:21 PM  737 0.59 2.33 2 1 3 32.40 36.00 32.15
6/4/2025 11:21 PM  779 0.63 2.33 2 2 3 32.40 36.00 32.15
6/4/2025 11:21 PM  779 0.63 2.33 2 2 3 32.40 36.00 32.15
6/4/2025 11:21 PM  743 0.60 2.33 2 2 3 32.40 36.00 32.15
6/4/2025 11:21 PM  743 0.60 2.33 2 2 3 32.40 36.00 32.15
6/4/2025 11:21 PM  743 0.60 2.33 2 2 3 32.40 36.00 32.15
6/4/2025 11:21 PM  755 0.61 2.33 2 2 3 32.40 36.00 32.15
6/4/2025 11:21 PM  755 0.61 2.33 2 2 3 32.40 36.00 32.15
6/4/2025 11:21 PM  737 0.59 2.33 2 2 3 32.40 36.00 32.15
6/4/2025 11:21 PM  737 0.59 2.33 2 2 3 32.40 36.00 32.15
6/4/2025 11:21 PM  753 0.61 2.33 2 1 3 32.40 36.00 32.15
6/4/2025 11:21 PM  753 0.61 2.33 2 1 3 32.40 36.00 32.15
6/4/2025 11:21 PM  753 0.61 2.33 2 1 3 32.40 36.00 32.15
6/4/2025 11:21 PM  731 0.59 2.33 2 2 3 32.40 36.00 32.15
6/4/2025 11:21 PM  731 0.59 2.33 2 2 3 32.40 36.00 32.15
6/4/2025 11:21 PM  805 0.65 2.33 2 2 3 32.40 36.00 32.15
6/4/2025 11:21 PM  805 0.65 2.33 2 2 3 32.40 36.00 32.15
6/4/2025 11:21 PM  752 0.61 2.33 2 2 3 32.40 36.00 32.15
6/4/2025 11:21 PM  752 0.61 2.33 2 2 3 32.40 36.00 32.15
6/4/2025 11:21 PM  752 0.61 2.33 2 2 3 32.40 36.00 32.15
6/4/2025 11:21 PM  732 0.59 2.33 2 2 3 32.40 36.00 32.15
6/4/2025 11:21 PM  732 0.59 2.33 2 2 3 32.40 36.00 32.15
6/4/2025 11:21 PM  737 0.59 2.33 1 2 3 32.40 36.00 32.15
6/4/2025 11:21 PM  737 0.59 2.33 1 2 3 32.40 36.00 32.15
6/4/2025 11:21 PM  737 0.59 2.33 2 2 3 32.40 36.00 32.15
6/4/2025 11:21 PM  752 0.61 2.33 2 1 3 32.40 36.00 32.15
6/4/2025 11:21 PM  752 0.61 2.33 2 1 3 32.40 36.00 32.15
6/4/2025 11:22 PM  752 0.61 2.33 2 1 3 32.40 36.00 32.15
6/4/2025 11:22 PM  752 0.61 2.33 2 1 3 32.40 36.00 32.15
6/4/2025 11:22 PM  752 0.61 2.33 2 1 3 32.40 36.00 32.15
6/4/2025 11:22 PM  752 0.61 2.33 2 1 3 32.40 36.00 32.15
6/4/2025 11:22 PM  752 0.61 2.33 2 1 3 32.40 36.00 32.15
6/4/2025 11:22 PM  752 0.61 2.33 2 2 3 32.40 36.00 32.15
6/4/2025 11:22 PM  752 0.61 2.33 2 2 3 32.40 36.00 32.15
6/4/2025 11:22 PM  734 0.59 2.33 2 2 3 32.40 36.00 32.15
6/4/2025 11:22 PM  734 0.59 2.33 2 2 3 32.40 36.00 32.15
6/4/2025 11:22 PM  734 0.59 2.33 2 2 3 32.40 36.00 32.15
6/4/2025 11:22 PM  734 0.59 2.33 2 2 3 32.30 36.00 32.01
6/4/2025 11:22 PM  734 0.59 2.33 2 2 3 32.30 36.00 32.01
6/4/2025 11:22 PM  736 0.59 2.33 2 2 3 32.30 36.00 32.01
6/4/2025 11:22 PM  736 0.59 2.33 2 2 3 32.30 36.00 32.01
6/4/2025 11:22 PM  735 0.59 2.33 2 2 3 32.30 36.00 32.01
6/4/2025 11:22 PM  735 0.59 2.33 2 2 3 32.30 36.00 32.01
6/4/2025 11:22 PM  735 0.59 2.33 2 2 3 32.30 36.00 32.01
6/4/2025 11:22 PM  732 0.59 2.33 2 2 3 32.40 36.00 32.15
6/4/2025 11:22 PM  36.00 32.15è1689123 738 0.59 2.33 2 2 3 32.40 36.00 32.15